filename,width,height,class,xmin,ymin,xmax,ymax
0486052bb_10465_3273.tiff,216,202,glomeruli,284,165,500,367
0486052bb_10465_3273.tiff,117,54,glomeruli,974,0,1091,54
0486052bb_10465_4364.tiff,131,27,glomeruli,278,778,409,805
0486052bb_10465_4364.tiff,149,87,glomeruli,918,611,1067,698
0486052bb_10465_4364.tiff,162,161,glomeruli,221,354,383,515
0486052bb_10465_4364.tiff,118,106,glomeruli,159,134,277,240
0486052bb_10465_4364.tiff,83,57,glomeruli,0,0,83,57
0486052bb_10465_5455.tiff,120,123,glomeruli,248,312,368,435
0486052bb_11270_4364.tiff,175,93,glomeruli,266,0,441,93
0486052bb_1610_10910.tiff,125,105,glomeruli,469,544,594,649
0486052bb_1610_10910.tiff,157,181,glomeruli,662,408,819,589
0486052bb_1610_10910.tiff,94,151,glomeruli,997,223,1091,374
0486052bb_1610_10910.tiff,136,147,glomeruli,4,60,140,207
0486052bb_1610_10910.tiff,10,3,glomeruli,595,0,605,3
0486052bb_1610_10910.tiff,151,50,glomeruli,227,0,378,50
0486052bb_1610_12001.tiff,188,160,glomeruli,346,451,534,611
0486052bb_1610_12001.tiff,58,125,glomeruli,0,224,58,349
0486052bb_1610_12001.tiff,138,168,glomeruli,248,8,386,176
0486052bb_1610_13092.tiff,132,156,glomeruli,571,549,703,705
0486052bb_1610_13092.tiff,179,207,glomeruli,692,229,871,436
0486052bb_1610_13092.tiff,149,166,glomeruli,342,148,491,314
0486052bb_1610_13092.tiff,104,80,glomeruli,987,0,1091,80
0486052bb_1610_14183.tiff,210,206,glomeruli,545,595,755,801
0486052bb_1610_14183.tiff,163,198,glomeruli,928,197,1091,395
0486052bb_1610_14183.tiff,173,182,glomeruli,510,50,683,232
0486052bb_1610_14183.tiff,72,68,glomeruli,0,0,72,68
0486052bb_1610_15274.tiff,13,11,glomeruli,645,422,658,433
0486052bb_1610_15274.tiff,6,57,glomeruli,0,274,6,331
0486052bb_1610_4364.tiff,122,36,glomeruli,598,769,720,805
0486052bb_1610_4364.tiff,163,155,glomeruli,770,192,933,347
0486052bb_1610_4364.tiff,156,191,glomeruli,509,106,665,297
0486052bb_1610_4364.tiff,80,19,glomeruli,582,0,662,19
0486052bb_1610_4364.tiff,207,187,glomeruli,56,0,263,187
0486052bb_1610_6546.tiff,122,43,glomeruli,879,762,1001,805
0486052bb_1610_6546.tiff,98,114,glomeruli,48,116,146,230
0486052bb_1610_6546.tiff,165,199,glomeruli,342,30,507,229
0486052bb_1610_7637.tiff,121,173,glomeruli,531,481,652,654
0486052bb_1610_7637.tiff,146,128,glomeruli,608,9,754,137
0486052bb_1610_7637.tiff,38,10,glomeruli,1039,0,1077,10
0486052bb_1610_8728.tiff,150,39,glomeruli,559,0,709,39
0486052bb_1610_8728.tiff,117,51,glomeruli,241,0,358,51
0486052bb_1610_9819.tiff,153,218,glomeruli,683,464,836,682
0486052bb_1610_9819.tiff,86,30,glomeruli,857,0,943,30
0486052bb_1610_9819.tiff,106,44,glomeruli,89,0,195,44
0486052bb_2415_12001.tiff,142,195,glomeruli,820,35,962,230
0486052bb_2415_13092.tiff,89,108,glomeruli,885,142,974,250
0486052bb_2415_14183.tiff,174,179,glomeruli,93,21,267,200
0486052bb_2415_3273.tiff,146,128,glomeruli,778,605,924,733
0486052bb_2415_4364.tiff,28,27,glomeruli,1063,778,1091,805
0486052bb_2415_4364.tiff,162,68,glomeruli,560,737,722,805
0486052bb_2415_4364.tiff,63,142,glomeruli,1028,597,1091,739
0486052bb_2415_4364.tiff,161,204,glomeruli,733,588,894,792
0486052bb_2415_4364.tiff,149,176,glomeruli,744,57,893,233
0486052bb_2415_4364.tiff,166,115,glomeruli,580,0,746,115
0486052bb_2415_5455.tiff,131,56,glomeruli,0,749,131,805
0486052bb_2415_5455.tiff,77,147,glomeruli,0,593,77,740
0486052bb_2415_5455.tiff,167,153,glomeruli,7,399,174,552
0486052bb_2415_5455.tiff,95,136,glomeruli,770,376,865,512
0486052bb_2415_6546.tiff,157,140,glomeruli,175,665,332,805
0486052bb_2415_6546.tiff,157,177,glomeruli,550,566,707,743
0486052bb_2415_6546.tiff,126,149,glomeruli,958,257,1084,406
0486052bb_2415_6546.tiff,153,125,glomeruli,858,0,1011,125
0486052bb_2415_9819.tiff,60,94,glomeruli,578,145,638,239
0486052bb_2415_9819.tiff,165,192,glomeruli,739,131,904,323
0486052bb_2415_9819.tiff,154,178,glomeruli,921,24,1075,202
0486052bb_3220_2182.tiff,31,114,glomeruli,1060,184,1091,298
0486052bb_3220_3273.tiff,145,39,glomeruli,206,766,351,805
0486052bb_3220_3273.tiff,122,155,glomeruli,0,150,122,305
0486052bb_3220_3273.tiff,133,129,glomeruli,904,105,1037,234
0486052bb_3220_3273.tiff,196,172,glomeruli,577,45,773,217
0486052bb_3220_4364.tiff,220,177,glomeruli,858,623,1078,800
0486052bb_3220_4364.tiff,51,99,glomeruli,1040,0,1091,99
0486052bb_3220_4364.tiff,174,107,glomeruli,549,0,723,107
0486052bb_3220_5455.tiff,156,164,glomeruli,472,56,628,220
0486052bb_3220_5455.tiff,127,99,glomeruli,0,0,127,99
0486052bb_3220_6546.tiff,98,23,glomeruli,204,0,302,23
0486052bb_4025_1091.tiff,145,49,glomeruli,891,756,1036,805
0486052bb_4025_1091.tiff,70,183,glomeruli,1021,622,1091,805
0486052bb_4025_2182.tiff,111,28,glomeruli,139,777,250,805
0486052bb_4025_2182.tiff,102,189,glomeruli,0,616,102,805
0486052bb_4025_3273.tiff,155,133,glomeruli,385,651,540,784
0486052bb_4025_3273.tiff,212,204,glomeruli,192,269,404,473
0486052bb_4025_3273.tiff,177,147,glomeruli,190,0,367,147
0486052bb_4025_4364.tiff,142,151,glomeruli,760,79,902,230
0486052bb_4830_1091.tiff,40,21,glomeruli,1051,0,1091,21
0486052bb_4830_1091.tiff,172,154,glomeruli,880,0,1052,154
0486052bb_4830_2182.tiff,115,91,glomeruli,802,709,917,800
0486052bb_4830_2182.tiff,133,149,glomeruli,894,460,1027,609
0486052bb_4830_2182.tiff,166,168,glomeruli,226,179,392,347
0486052bb_4830_2182.tiff,152,127,glomeruli,126,0,278,127
0486052bb_4830_2182.tiff,55,22,glomeruli,0,0,55,22
0486052bb_4830_3273.tiff,200,165,glomeruli,396,543,596,708
0486052bb_4830_3273.tiff,98,149,glomeruli,993,164,1091,313
0486052bb_4830_4364.tiff,122,163,glomeruli,969,352,1091,515
0486052bb_4830_4364.tiff,175,169,glomeruli,421,186,596,355
0486052bb_4830_4364.tiff,99,159,glomeruli,0,160,99,319
0486052bb_4830_5455.tiff,19,126,glomeruli,0,372,19,498
0486052bb_5635_2182.tiff,133,37,glomeruli,958,768,1091,805
0486052bb_5635_2182.tiff,114,104,glomeruli,826,656,940,760
0486052bb_5635_3273.tiff,19,18,glomeruli,0,787,19,805
0486052bb_5635_3273.tiff,193,161,glomeruli,883,403,1076,564
0486052bb_5635_3273.tiff,195,161,glomeruli,538,325,733,486
0486052bb_5635_3273.tiff,139,139,glomeruli,247,277,386,416
0486052bb_5635_3273.tiff,143,148,glomeruli,948,247,1091,395
0486052bb_5635_4364.tiff,137,135,glomeruli,761,323,898,458
0486052bb_5635_4364.tiff,129,178,glomeruli,962,260,1091,438
0486052bb_5635_4364.tiff,88,145,glomeruli,0,246,88,391
0486052bb_5635_5455.tiff,37,146,glomeruli,0,272,37,418
0486052bb_6440_2182.tiff,213,84,glomeruli,857,721,1070,805
0486052bb_6440_2182.tiff,95,161,glomeruli,996,580,1091,741
0486052bb_6440_2182.tiff,12,49,glomeruli,1079,438,1091,487
0486052bb_6440_2182.tiff,161,145,glomeruli,930,0,1091,145
0486052bb_6440_3273.tiff,85,155,glomeruli,0,585,85,740
0486052bb_6440_3273.tiff,81,66,glomeruli,0,432,81,498
0486052bb_6440_3273.tiff,40,108,glomeruli,0,0,40,108
0486052bb_7245_2182.tiff,219,91,glomeruli,851,0,1070,91
0486052bb_7245_3273.tiff,163,62,glomeruli,904,743,1067,805
0486052bb_8050_2182.tiff,82,168,glomeruli,1009,402,1091,570
0486052bb_8050_3273.tiff,67,162,glomeruli,0,406,67,568
0486052bb_8050_3273.tiff,149,167,glomeruli,574,35,723,202
0486052bb_8050_3273.tiff,162,106,glomeruli,905,0,1067,106
0486052bb_8050_4364.tiff,193,147,glomeruli,222,658,415,805
0486052bb_8050_4364.tiff,206,178,glomeruli,533,443,739,621
0486052bb_8050_4364.tiff,182,135,glomeruli,761,363,943,498
0486052bb_8050_4364.tiff,165,147,glomeruli,715,49,880,196
0486052bb_8050_4364.tiff,139,175,glomeruli,360,44,499,219
0486052bb_805_10910.tiff,182,148,glomeruli,221,657,403,805
0486052bb_805_10910.tiff,149,193,glomeruli,522,612,671,805
0486052bb_805_10910.tiff,117,89,glomeruli,629,390,746,479
0486052bb_805_12001.tiff,164,193,glomeruli,522,577,686,770
0486052bb_805_13092.tiff,106,109,glomeruli,985,696,1091,805
0486052bb_805_14183.tiff,84,108,glomeruli,0,697,84,805
0486052bb_805_14183.tiff,161,168,glomeruli,111,569,272,737
0486052bb_805_15274.tiff,160,165,glomeruli,11,447,171,612
0486052bb_805_4364.tiff,97,39,glomeruli,158,766,255,805
0486052bb_805_4364.tiff,2,19,glomeruli,1089,668,1091,687
0486052bb_805_4364.tiff,167,154,glomeruli,550,651,717,805
0486052bb_805_4364.tiff,116,151,glomeruli,975,389,1091,540
0486052bb_805_4364.tiff,189,178,glomeruli,830,249,1019,427
0486052bb_805_5455.tiff,173,176,glomeruli,0,584,173,760
0486052bb_805_5455.tiff,28,110,glomeruli,0,394,28,504
0486052bb_805_5455.tiff,198,168,glomeruli,296,320,494,488
0486052bb_805_6546.tiff,137,176,glomeruli,54,605,191,781
0486052bb_805_6546.tiff,130,102,glomeruli,800,387,930,489
0486052bb_805_6546.tiff,51,96,glomeruli,1040,370,1091,466
0486052bb_805_7637.tiff,76,120,glomeruli,1015,685,1091,805
0486052bb_805_7637.tiff,179,151,glomeruli,262,378,441,529
0486052bb_805_7637.tiff,50,95,glomeruli,0,369,50,464
0486052bb_805_7637.tiff,22,116,glomeruli,1069,341,1091,457
0486052bb_805_8728.tiff,132,96,glomeruli,231,709,363,805
0486052bb_805_8728.tiff,50,111,glomeruli,0,688,50,799
0486052bb_805_8728.tiff,182,125,glomeruli,555,680,737,805
0486052bb_805_8728.tiff,81,100,glomeruli,786,395,867,495
0486052bb_805_8728.tiff,178,174,glomeruli,0,317,178,491
0486052bb_805_8728.tiff,205,156,glomeruli,564,235,769,391
0486052bb_805_9819.tiff,114,71,glomeruli,83,734,197,805
0486052bb_805_9819.tiff,172,151,glomeruli,848,654,1020,805
0486052bb_8855_3273.tiff,170,84,glomeruli,736,721,906,805
0486052bb_8855_3273.tiff,222,196,glomeruli,645,543,867,739
0486052bb_8855_3273.tiff,262,229,glomeruli,746,256,1008,485
0486052bb_8855_3273.tiff,81,96,glomeruli,749,166,830,262
0486052bb_8855_3273.tiff,177,161,glomeruli,825,48,1002,209
0486052bb_8855_4364.tiff,188,123,glomeruli,559,682,747,805
0486052bb_8855_4364.tiff,9,62,glomeruli,1082,600,1091,662
0486052bb_8855_4364.tiff,146,30,glomeruli,235,0,381,30
0486052bb_8855_5455.tiff,92,89,glomeruli,0,578,92,667
0486052bb_9660_3273.tiff,122,137,glomeruli,969,668,1091,805
0486052bb_9660_3273.tiff,238,205,glomeruli,622,26,860,231
0486052bb_9660_3273.tiff,161,65,glomeruli,739,0,900,65
0486052bb_9660_4364.tiff,88,138,glomeruli,0,667,88,805
0486052bb_9660_4364.tiff,106,79,glomeruli,658,608,764,687
0486052bb_9660_4364.tiff,193,167,glomeruli,303,498,496,665
0486052bb_9660_4364.tiff,126,126,glomeruli,965,464,1091,590
0486052bb_9660_4364.tiff,182,161,glomeruli,590,80,772,241
0486052bb_9660_4364.tiff,127,23,glomeruli,584,0,711,23
0486052bb_9660_5455.tiff,25,92,glomeruli,0,476,25,568
0486052bb_9660_5455.tiff,198,155,glomeruli,609,461,807,616
0486052bb_9660_5455.tiff,152,147,glomeruli,528,232,680,379
0486052bb_9660_5455.tiff,7,59,glomeruli,1084,221,1091,280
0486052bb_9660_6546.tiff,204,153,glomeruli,230,585,434,738
0486052bb_9660_6546.tiff,178,197,glomeruli,0,155,178,352
095bf7a1f_10132_10353.tiff,211,149,glomeruli,395,203,606,352
095bf7a1f_10132_10353.tiff,253,173,glomeruli,226,0,479,173
095bf7a1f_10132_10962.tiff,190,57,glomeruli,645,539,835,596
095bf7a1f_10132_10962.tiff,163,222,glomeruli,1055,374,1218,596
095bf7a1f_10132_11571.tiff,190,57,glomeruli,36,539,226,596
095bf7a1f_10132_11571.tiff,209,222,glomeruli,446,374,655,596
095bf7a1f_10132_1218.tiff,64,10,glomeruli,663,586,727,596
095bf7a1f_10132_1218.tiff,225,257,glomeruli,978,226,1203,483
095bf7a1f_10132_1218.tiff,205,189,glomeruli,457,0,662,189
095bf7a1f_10132_12180.tiff,46,192,glomeruli,0,378,46,570
095bf7a1f_10132_12789.tiff,59,11,glomeruli,629,585,688,596
095bf7a1f_10132_13398.tiff,59,11,glomeruli,20,585,79,596
095bf7a1f_10132_1827.tiff,64,10,glomeruli,54,586,118,596
095bf7a1f_10132_1827.tiff,179,49,glomeruli,942,547,1121,596
095bf7a1f_10132_1827.tiff,225,257,glomeruli,369,226,594,483
095bf7a1f_10132_1827.tiff,50,45,glomeruli,1168,0,1218,45
095bf7a1f_10132_1827.tiff,53,170,glomeruli,0,0,53,170
095bf7a1f_10132_2436.tiff,117,33,glomeruli,1049,563,1166,596
095bf7a1f_10132_2436.tiff,179,49,glomeruli,333,547,512,596
095bf7a1f_10132_2436.tiff,166,192,glomeruli,1052,195,1218,387
095bf7a1f_10132_2436.tiff,162,59,glomeruli,559,0,721,59
095bf7a1f_10132_3045.tiff,117,33,glomeruli,440,563,557,596
095bf7a1f_10132_3045.tiff,188,187,glomeruli,856,237,1044,424
095bf7a1f_10132_3045.tiff,108,106,glomeruli,1110,229,1218,335
095bf7a1f_10132_3045.tiff,267,193,glomeruli,443,195,710,388
095bf7a1f_10132_3045.tiff,71,136,glomeruli,1147,0,1218,136
095bf7a1f_10132_3045.tiff,122,51,glomeruli,737,0,859,51
095bf7a1f_10132_3045.tiff,112,59,glomeruli,0,0,112,59
095bf7a1f_10132_3654.tiff,188,187,glomeruli,247,237,435,424
095bf7a1f_10132_3654.tiff,125,106,glomeruli,501,229,626,335
095bf7a1f_10132_3654.tiff,101,161,glomeruli,0,227,101,388
095bf7a1f_10132_3654.tiff,111,146,glomeruli,784,218,895,364
095bf7a1f_10132_3654.tiff,247,177,glomeruli,538,0,785,177
095bf7a1f_10132_3654.tiff,122,51,glomeruli,128,0,250,51
095bf7a1f_10132_4263.tiff,161,34,glomeruli,669,562,830,596
095bf7a1f_10132_4263.tiff,17,44,glomeruli,0,283,17,327
095bf7a1f_10132_4263.tiff,111,146,glomeruli,175,218,286,364
095bf7a1f_10132_4263.tiff,176,176,glomeruli,0,1,176,177
095bf7a1f_10132_4263.tiff,215,126,glomeruli,784,0,999,126
095bf7a1f_10132_4872.tiff,161,34,glomeruli,60,562,221,596
095bf7a1f_10132_4872.tiff,146,33,glomeruli,1068,0,1214,33
095bf7a1f_10132_4872.tiff,215,126,glomeruli,175,0,390,126
095bf7a1f_10132_5481.tiff,65,6,glomeruli,985,590,1050,596
095bf7a1f_10132_5481.tiff,71,174,glomeruli,1147,377,1218,551
095bf7a1f_10132_5481.tiff,146,33,glomeruli,459,0,605,33
095bf7a1f_10132_609.tiff,152,189,glomeruli,1066,0,1218,189
095bf7a1f_10132_6090.tiff,65,6,glomeruli,376,590,441,596
095bf7a1f_10132_6090.tiff,168,175,glomeruli,538,377,706,552
095bf7a1f_10132_6090.tiff,163,181,glomeruli,731,0,894,181
095bf7a1f_10132_6699.tiff,97,175,glomeruli,0,377,97,552
095bf7a1f_10132_6699.tiff,146,148,glomeruli,874,347,1020,495
095bf7a1f_10132_6699.tiff,135,255,glomeruli,1083,79,1218,334
095bf7a1f_10132_6699.tiff,58,17,glomeruli,1056,0,1114,17
095bf7a1f_10132_6699.tiff,163,181,glomeruli,122,0,285,181
095bf7a1f_10132_7308.tiff,86,23,glomeruli,1058,573,1144,596
095bf7a1f_10132_7308.tiff,146,148,glomeruli,265,347,411,495
095bf7a1f_10132_7308.tiff,151,255,glomeruli,474,79,625,334
095bf7a1f_10132_7308.tiff,172,66,glomeruli,654,0,826,66
095bf7a1f_10132_7308.tiff,58,17,glomeruli,447,0,505,17
095bf7a1f_10132_7917.tiff,86,23,glomeruli,449,573,535,596
095bf7a1f_10132_7917.tiff,161,120,glomeruli,671,476,832,596
095bf7a1f_10132_7917.tiff,16,120,glomeruli,0,120,16,240
095bf7a1f_10132_7917.tiff,208,192,glomeruli,646,56,854,248
095bf7a1f_10132_7917.tiff,172,66,glomeruli,45,0,217,66
095bf7a1f_10132_8526.tiff,161,120,glomeruli,62,476,223,596
095bf7a1f_10132_8526.tiff,140,167,glomeruli,794,429,934,596
095bf7a1f_10132_8526.tiff,33,172,glomeruli,1185,415,1218,587
095bf7a1f_10132_8526.tiff,138,181,glomeruli,661,116,799,297
095bf7a1f_10132_8526.tiff,208,192,glomeruli,37,56,245,248
095bf7a1f_10132_8526.tiff,113,54,glomeruli,610,0,723,54
095bf7a1f_10132_9135.tiff,140,167,glomeruli,185,429,325,596
095bf7a1f_10132_9135.tiff,194,194,glomeruli,1013,402,1207,596
095bf7a1f_10132_9135.tiff,176,209,glomeruli,576,387,752,596
095bf7a1f_10132_9135.tiff,138,181,glomeruli,52,116,190,297
095bf7a1f_10132_9135.tiff,148,154,glomeruli,908,60,1056,214
095bf7a1f_10132_9135.tiff,113,54,glomeruli,1,0,114,54
095bf7a1f_10132_9744.tiff,194,194,glomeruli,404,402,598,596
095bf7a1f_10132_9744.tiff,143,209,glomeruli,0,387,143,596
095bf7a1f_10132_9744.tiff,211,149,glomeruli,1004,203,1215,352
095bf7a1f_10132_9744.tiff,148,154,glomeruli,299,60,447,214
095bf7a1f_10132_9744.tiff,253,173,glomeruli,835,0,1088,173
095bf7a1f_10728_10353.tiff,87,58,glomeruli,1131,538,1218,596
095bf7a1f_10728_10353.tiff,146,169,glomeruli,22,427,168,596
095bf7a1f_10728_10353.tiff,205,191,glomeruli,49,113,254,304
095bf7a1f_10728_10353.tiff,21,149,glomeruli,0,76,21,225
095bf7a1f_10728_10962.tiff,185,59,glomeruli,522,537,707,596
095bf7a1f_10728_10962.tiff,92,15,glomeruli,1095,0,1187,15
095bf7a1f_10728_10962.tiff,227,124,glomeruli,632,0,859,124
095bf7a1f_10728_11571.tiff,98,59,glomeruli,0,537,98,596
095bf7a1f_10728_11571.tiff,92,15,glomeruli,486,0,578,15
095bf7a1f_10728_11571.tiff,227,124,glomeruli,23,0,250,124
095bf7a1f_10728_1218.tiff,152,153,glomeruli,447,443,599,596
095bf7a1f_10728_1218.tiff,130,137,glomeruli,627,0,757,137
095bf7a1f_10728_12180.tiff,72,194,glomeruli,1146,10,1218,204
095bf7a1f_10728_12789.tiff,197,204,glomeruli,537,0,734,204
095bf7a1f_10728_13398.tiff,125,201,glomeruli,0,0,125,201
095bf7a1f_10728_1827.tiff,206,110,glomeruli,936,0,1142,110
095bf7a1f_10728_1827.tiff,130,137,glomeruli,18,0,148,137
095bf7a1f_10728_2436.tiff,187,220,glomeruli,1031,0,1218,220
095bf7a1f_10728_2436.tiff,206,110,glomeruli,327,0,533,110
095bf7a1f_10728_3045.tiff,171,103,glomeruli,960,493,1131,596
095bf7a1f_10728_3045.tiff,288,220,glomeruli,422,0,710,220
095bf7a1f_10728_3654.tiff,171,103,glomeruli,351,493,522,596
095bf7a1f_10728_3654.tiff,158,203,glomeruli,671,229,829,432
095bf7a1f_10728_3654.tiff,53,154,glomeruli,1165,58,1218,212
095bf7a1f_10728_3654.tiff,101,168,glomeruli,0,51,101,219
095bf7a1f_10728_4263.tiff,158,203,glomeruli,62,229,220,432
095bf7a1f_10728_4263.tiff,148,182,glomeruli,695,220,843,402
095bf7a1f_10728_4263.tiff,282,228,glomeruli,556,0,838,228
095bf7a1f_10728_4872.tiff,148,182,glomeruli,86,220,234,402
095bf7a1f_10728_4872.tiff,229,228,glomeruli,0,0,229,228
095bf7a1f_10728_5481.tiff,111,146,glomeruli,839,450,950,596
095bf7a1f_10728_5481.tiff,77,174,glomeruli,1141,125,1218,299
095bf7a1f_10728_5481.tiff,155,124,glomeruli,775,13,930,137
095bf7a1f_10728_5481.tiff,120,136,glomeruli,964,0,1084,136
095bf7a1f_10728_609.tiff,152,153,glomeruli,1056,443,1208,596
095bf7a1f_10728_6090.tiff,111,146,glomeruli,230,450,341,596
095bf7a1f_10728_6090.tiff,176,175,glomeruli,532,125,708,300
095bf7a1f_10728_6090.tiff,155,124,glomeruli,166,13,321,137
095bf7a1f_10728_6090.tiff,120,136,glomeruli,355,0,475,136
095bf7a1f_10728_6699.tiff,99,164,glomeruli,0,136,99,300
095bf7a1f_10728_7308.tiff,60,142,glomeruli,1158,454,1218,596
095bf7a1f_10728_7308.tiff,179,204,glomeruli,1030,0,1209,204
095bf7a1f_10728_7917.tiff,25,7,glomeruli,965,589,990,596
095bf7a1f_10728_7917.tiff,148,142,glomeruli,549,454,697,596
095bf7a1f_10728_7917.tiff,186,201,glomeruli,1026,275,1212,476
095bf7a1f_10728_7917.tiff,146,57,glomeruli,684,0,830,57
095bf7a1f_10728_7917.tiff,179,204,glomeruli,421,0,600,204
095bf7a1f_10728_8526.tiff,25,7,glomeruli,356,589,381,596
095bf7a1f_10728_8526.tiff,88,142,glomeruli,0,454,88,596
095bf7a1f_10728_8526.tiff,186,201,glomeruli,417,275,603,476
095bf7a1f_10728_8526.tiff,140,156,glomeruli,881,181,1021,337
095bf7a1f_10728_8526.tiff,54,8,glomeruli,829,0,883,8
095bf7a1f_10728_8526.tiff,146,57,glomeruli,75,0,221,57
095bf7a1f_10728_9135.tiff,140,156,glomeruli,272,181,412,337
095bf7a1f_10728_9135.tiff,171,221,glomeruli,1047,35,1218,256
095bf7a1f_10728_9135.tiff,106,32,glomeruli,1051,0,1157,32
095bf7a1f_10728_9135.tiff,55,8,glomeruli,634,0,689,8
095bf7a1f_10728_9135.tiff,54,8,glomeruli,220,0,274,8
095bf7a1f_10728_9744.tiff,146,169,glomeruli,631,427,777,596
095bf7a1f_10728_9744.tiff,205,191,glomeruli,658,113,863,304
095bf7a1f_10728_9744.tiff,192,221,glomeruli,438,35,630,256
095bf7a1f_10728_9744.tiff,106,32,glomeruli,442,0,548,32
095bf7a1f_10728_9744.tiff,55,8,glomeruli,25,0,80,8
095bf7a1f_11324_10353.tiff,176,98,glomeruli,0,498,176,596
095bf7a1f_11324_10353.tiff,398,226,glomeruli,214,370,612,596
095bf7a1f_11324_10353.tiff,120,148,glomeruli,1098,0,1218,148
095bf7a1f_11324_10353.tiff,58,10,glomeruli,72,0,130,10
095bf7a1f_11324_10962.tiff,3,8,glomeruli,0,588,3,596
095bf7a1f_11324_10962.tiff,216,206,glomeruli,996,390,1212,596
095bf7a1f_11324_10962.tiff,239,148,glomeruli,489,0,728,148
095bf7a1f_11324_11571.tiff,4,1,glomeruli,687,595,691,596
095bf7a1f_11324_11571.tiff,191,149,glomeruli,1018,447,1209,596
095bf7a1f_11324_11571.tiff,216,206,glomeruli,387,390,603,596
095bf7a1f_11324_11571.tiff,119,142,glomeruli,0,0,119,142
095bf7a1f_11324_1218.tiff,164,158,glomeruli,643,322,807,480
095bf7a1f_11324_12180.tiff,4,1,glomeruli,78,595,82,596
095bf7a1f_11324_12180.tiff,191,149,glomeruli,409,447,600,596
095bf7a1f_11324_12180.tiff,50,141,glomeruli,1168,264,1218,405
095bf7a1f_11324_12180.tiff,175,144,glomeruli,1008,205,1183,349
095bf7a1f_11324_12180.tiff,141,137,glomeruli,1077,78,1218,215
095bf7a1f_11324_12789.tiff,272,214,glomeruli,559,218,831,432
095bf7a1f_11324_12789.tiff,175,144,glomeruli,399,205,574,349
095bf7a1f_11324_12789.tiff,148,137,glomeruli,468,78,616,215
095bf7a1f_11324_13398.tiff,142,38,glomeruli,724,558,866,596
095bf7a1f_11324_13398.tiff,128,102,glomeruli,1090,494,1218,596
095bf7a1f_11324_13398.tiff,222,214,glomeruli,0,218,222,432
095bf7a1f_11324_13398.tiff,7,57,glomeruli,0,103,7,160
095bf7a1f_11324_14007.tiff,142,38,glomeruli,115,558,257,596
095bf7a1f_11324_14007.tiff,158,102,glomeruli,481,494,639,596
095bf7a1f_11324_14616.tiff,30,101,glomeruli,0,495,30,596
095bf7a1f_11324_1827.tiff,164,69,glomeruli,1028,527,1192,596
095bf7a1f_11324_1827.tiff,164,158,glomeruli,34,322,198,480
095bf7a1f_11324_1827.tiff,228,181,glomeruli,775,275,1003,456
095bf7a1f_11324_2436.tiff,164,69,glomeruli,419,527,583,596
095bf7a1f_11324_2436.tiff,228,181,glomeruli,166,275,394,456
095bf7a1f_11324_2436.tiff,221,181,glomeruli,699,104,920,285
095bf7a1f_11324_3045.tiff,123,163,glomeruli,1095,413,1218,576
095bf7a1f_11324_3045.tiff,171,212,glomeruli,942,124,1113,336
095bf7a1f_11324_3045.tiff,221,181,glomeruli,90,104,311,285
095bf7a1f_11324_3045.tiff,177,91,glomeruli,961,0,1138,91
095bf7a1f_11324_3654.tiff,156,163,glomeruli,486,413,642,576
095bf7a1f_11324_3654.tiff,171,212,glomeruli,333,124,504,336
095bf7a1f_11324_3654.tiff,177,91,glomeruli,352,0,529,91
095bf7a1f_11324_4263.tiff,114,33,glomeruli,868,563,982,596
095bf7a1f_11324_4263.tiff,33,106,glomeruli,0,470,33,576
095bf7a1f_11324_4263.tiff,73,193,glomeruli,1145,309,1218,502
095bf7a1f_11324_4872.tiff,114,33,glomeruli,259,563,373,596
095bf7a1f_11324_4872.tiff,170,193,glomeruli,536,309,706,502
095bf7a1f_11324_5481.tiff,97,193,glomeruli,0,309,97,502
095bf7a1f_11324_5481.tiff,95,51,glomeruli,852,0,947,51
095bf7a1f_11324_6090.tiff,95,51,glomeruli,243,0,338,51
095bf7a1f_11324_7308.tiff,83,185,glomeruli,1135,24,1218,209
095bf7a1f_11324_7308.tiff,16,15,glomeruli,1202,0,1218,15
095bf7a1f_11324_7917.tiff,136,133,glomeruli,615,463,751,596
095bf7a1f_11324_7917.tiff,64,179,glomeruli,1154,347,1218,526
095bf7a1f_11324_7917.tiff,188,206,glomeruli,960,259,1148,465
095bf7a1f_11324_7917.tiff,163,187,glomeruli,526,24,689,211
095bf7a1f_11324_7917.tiff,170,202,glomeruli,920,0,1090,202
095bf7a1f_11324_7917.tiff,62,19,glomeruli,593,0,655,19
095bf7a1f_11324_8526.tiff,136,133,glomeruli,6,463,142,596
095bf7a1f_11324_8526.tiff,198,194,glomeruli,545,343,743,537
095bf7a1f_11324_8526.tiff,188,206,glomeruli,351,259,539,465
095bf7a1f_11324_8526.tiff,80,187,glomeruli,0,24,80,211
095bf7a1f_11324_8526.tiff,170,202,glomeruli,311,0,481,202
095bf7a1f_11324_8526.tiff,46,19,glomeruli,0,0,46,19
095bf7a1f_11324_9135.tiff,13,74,glomeruli,1205,522,1218,596
095bf7a1f_11324_9135.tiff,134,194,glomeruli,0,343,134,537
095bf7a1f_11324_9135.tiff,147,184,glomeruli,978,188,1125,372
095bf7a1f_11324_9744.tiff,189,98,glomeruli,596,498,785,596
095bf7a1f_11324_9744.tiff,395,226,glomeruli,823,370,1218,596
095bf7a1f_11324_9744.tiff,147,184,glomeruli,369,188,516,372
095bf7a1f_11324_9744.tiff,58,10,glomeruli,681,0,739,10
095bf7a1f_11920_10353.tiff,175,209,glomeruli,670,335,845,544
095bf7a1f_11920_10353.tiff,198,167,glomeruli,418,0,616,167
095bf7a1f_11920_10353.tiff,185,128,glomeruli,0,0,185,128
095bf7a1f_11920_10962.tiff,143,193,glomeruli,1075,403,1218,596
095bf7a1f_11920_10962.tiff,175,209,glomeruli,61,335,236,544
095bf7a1f_11920_10962.tiff,113,184,glomeruli,1105,30,1218,214
095bf7a1f_11920_10962.tiff,86,30,glomeruli,1026,0,1112,30
095bf7a1f_11920_10962.tiff,7,67,glomeruli,0,0,7,67
095bf7a1f_11920_11571.tiff,169,162,glomeruli,757,434,926,596
095bf7a1f_11920_11571.tiff,302,193,glomeruli,466,403,768,596
095bf7a1f_11920_11571.tiff,192,186,glomeruli,735,86,927,272
095bf7a1f_11920_11571.tiff,170,75,glomeruli,1022,0,1192,75
095bf7a1f_11920_11571.tiff,274,214,glomeruli,496,0,770,214
095bf7a1f_11920_11571.tiff,86,30,glomeruli,417,0,503,30
095bf7a1f_11920_1218.tiff,62,79,glomeruli,1153,481,1215,560
095bf7a1f_11920_12180.tiff,159,149,glomeruli,0,447,159,596
095bf7a1f_11920_12180.tiff,169,162,glomeruli,148,434,317,596
095bf7a1f_11920_12180.tiff,192,186,glomeruli,126,86,318,272
095bf7a1f_11920_12180.tiff,170,75,glomeruli,413,0,583,75
095bf7a1f_11920_12180.tiff,161,214,glomeruli,0,0,161,214
095bf7a1f_11920_13398.tiff,123,69,glomeruli,1095,0,1218,69
095bf7a1f_11920_13398.tiff,408,240,glomeruli,683,0,1091,240
095bf7a1f_11920_14007.tiff,152,69,glomeruli,486,0,638,69
095bf7a1f_11920_14007.tiff,408,240,glomeruli,74,0,482,240
095bf7a1f_11920_14616.tiff,29,62,glomeruli,0,0,29,62
095bf7a1f_11920_1827.tiff,62,79,glomeruli,544,481,606,560
095bf7a1f_11920_1827.tiff,197,126,glomeruli,1020,0,1217,126
095bf7a1f_11920_2436.tiff,126,34,glomeruli,842,562,968,596
095bf7a1f_11920_2436.tiff,138,149,glomeruli,1080,334,1218,483
095bf7a1f_11920_2436.tiff,222,219,glomeruli,768,287,990,506
095bf7a1f_11920_2436.tiff,197,126,glomeruli,411,0,608,126
095bf7a1f_11920_3045.tiff,126,34,glomeruli,233,562,359,596
095bf7a1f_11920_3045.tiff,5,55,glomeruli,1213,385,1218,440
095bf7a1f_11920_3045.tiff,143,149,glomeruli,471,334,614,483
095bf7a1f_11920_3045.tiff,229,191,glomeruli,729,297,958,488
095bf7a1f_11920_3045.tiff,222,219,glomeruli,159,287,381,506
095bf7a1f_11920_3654.tiff,5,47,glomeruli,0,411,5,458
095bf7a1f_11920_3654.tiff,202,192,glomeruli,604,350,806,542
095bf7a1f_11920_3654.tiff,229,191,glomeruli,120,297,349,488
095bf7a1f_11920_4263.tiff,197,192,glomeruli,0,350,197,542
095bf7a1f_11920_4263.tiff,162,183,glomeruli,832,0,994,183
095bf7a1f_11920_4872.tiff,151,163,glomeruli,612,71,763,234
095bf7a1f_11920_4872.tiff,162,183,glomeruli,223,0,385,183
095bf7a1f_11920_5481.tiff,134,70,glomeruli,781,526,915,596
095bf7a1f_11920_5481.tiff,151,163,glomeruli,3,71,154,234
095bf7a1f_11920_5481.tiff,160,212,glomeruli,863,6,1023,218
095bf7a1f_11920_6090.tiff,134,70,glomeruli,172,526,306,596
095bf7a1f_11920_6090.tiff,156,92,glomeruli,675,504,831,596
095bf7a1f_11920_6090.tiff,301,262,glomeruli,914,334,1215,596
095bf7a1f_11920_6090.tiff,21,96,glomeruli,1197,302,1218,398
095bf7a1f_11920_6090.tiff,106,106,glomeruli,766,109,872,215
095bf7a1f_11920_6090.tiff,160,212,glomeruli,254,6,414,218
095bf7a1f_11920_6699.tiff,156,92,glomeruli,66,504,222,596
095bf7a1f_11920_6699.tiff,167,121,glomeruli,662,475,829,596
095bf7a1f_11920_6699.tiff,301,262,glomeruli,305,334,606,596
095bf7a1f_11920_6699.tiff,197,187,glomeruli,588,257,785,444
095bf7a1f_11920_6699.tiff,106,106,glomeruli,157,109,263,215
095bf7a1f_11920_6699.tiff,129,151,glomeruli,1003,96,1132,247
095bf7a1f_11920_7308.tiff,167,121,glomeruli,53,475,220,596
095bf7a1f_11920_7308.tiff,176,131,glomeruli,972,465,1148,596
095bf7a1f_11920_7308.tiff,176,187,glomeruli,0,257,176,444
095bf7a1f_11920_7308.tiff,120,175,glomeruli,1098,201,1218,376
095bf7a1f_11920_7308.tiff,176,161,glomeruli,913,151,1089,312
095bf7a1f_11920_7308.tiff,129,151,glomeruli,394,96,523,247
095bf7a1f_11920_7917.tiff,176,131,glomeruli,363,465,539,596
095bf7a1f_11920_7917.tiff,180,175,glomeruli,489,201,669,376
095bf7a1f_11920_7917.tiff,176,161,glomeruli,304,151,480,312
095bf7a1f_11920_7917.tiff,105,204,glomeruli,1113,76,1218,280
095bf7a1f_11920_7917.tiff,96,35,glomeruli,635,0,731,35
095bf7a1f_11920_8526.tiff,60,147,glomeruli,0,229,60,376
095bf7a1f_11920_8526.tiff,144,134,glomeruli,835,193,979,327
095bf7a1f_11920_8526.tiff,196,204,glomeruli,504,76,700,280
095bf7a1f_11920_8526.tiff,96,35,glomeruli,26,0,122,35
095bf7a1f_11920_9135.tiff,164,140,glomeruli,634,278,798,418
095bf7a1f_11920_9135.tiff,144,134,glomeruli,226,193,370,327
095bf7a1f_11920_9135.tiff,91,196,glomeruli,0,80,91,276
095bf7a1f_11920_9135.tiff,9,52,glomeruli,1209,0,1218,52
095bf7a1f_11920_9744.tiff,164,140,glomeruli,25,278,189,418
095bf7a1f_11920_9744.tiff,191,167,glomeruli,1027,0,1218,167
095bf7a1f_11920_9744.tiff,194,128,glomeruli,600,0,794,128
095bf7a1f_12516_10353.tiff,83,132,glomeruli,0,459,83,591
095bf7a1f_12516_10353.tiff,158,203,glomeruli,1017,224,1175,427
095bf7a1f_12516_10353.tiff,168,168,glomeruli,0,22,168,190
095bf7a1f_12516_10962.tiff,239,255,glomeruli,779,285,1018,540
095bf7a1f_12516_10962.tiff,158,203,glomeruli,408,224,566,427
095bf7a1f_12516_10962.tiff,50,20,glomeruli,1168,0,1218,20
095bf7a1f_12516_11571.tiff,198,207,glomeruli,644,302,842,509
095bf7a1f_12516_11571.tiff,239,255,glomeruli,170,285,409,540
095bf7a1f_12516_11571.tiff,83,16,glomeruli,786,0,869,16
095bf7a1f_12516_11571.tiff,212,48,glomeruli,559,0,771,48
095bf7a1f_12516_1218.tiff,86,17,glomeruli,748,579,834,596
095bf7a1f_12516_12180.tiff,198,207,glomeruli,35,302,233,509
095bf7a1f_12516_12180.tiff,207,214,glomeruli,718,257,925,471
095bf7a1f_12516_12180.tiff,191,171,glomeruli,701,84,892,255
095bf7a1f_12516_12180.tiff,83,16,glomeruli,177,0,260,16
095bf7a1f_12516_12180.tiff,162,48,glomeruli,0,0,162,48
095bf7a1f_12516_12789.tiff,207,214,glomeruli,109,257,316,471
095bf7a1f_12516_12789.tiff,191,171,glomeruli,92,84,283,255
095bf7a1f_12516_13398.tiff,36,139,glomeruli,1182,114,1218,253
095bf7a1f_12516_14007.tiff,161,154,glomeruli,573,106,734,260
095bf7a1f_12516_14616.tiff,125,154,glomeruli,0,106,125,260
095bf7a1f_12516_1827.tiff,86,17,glomeruli,139,579,225,596
095bf7a1f_12516_2436.tiff,165,150,glomeruli,828,0,993,150
095bf7a1f_12516_3045.tiff,133,177,glomeruli,1062,153,1195,330
095bf7a1f_12516_3045.tiff,165,150,glomeruli,219,0,384,150
095bf7a1f_12516_3654.tiff,57,138,glomeruli,1161,237,1218,375
095bf7a1f_12516_3654.tiff,133,177,glomeruli,453,153,586,330
095bf7a1f_12516_4263.tiff,180,168,glomeruli,552,228,732,396
095bf7a1f_12516_4872.tiff,127,77,glomeruli,820,519,947,596
095bf7a1f_12516_4872.tiff,123,168,glomeruli,0,228,123,396
095bf7a1f_12516_5481.tiff,127,77,glomeruli,211,519,338,596
095bf7a1f_12516_5481.tiff,180,119,glomeruli,660,477,840,596
095bf7a1f_12516_5481.tiff,144,136,glomeruli,651,112,795,248
095bf7a1f_12516_5481.tiff,136,124,glomeruli,779,0,915,124
095bf7a1f_12516_6090.tiff,180,119,glomeruli,51,477,231,596
095bf7a1f_12516_6090.tiff,144,136,glomeruli,42,112,186,248
095bf7a1f_12516_6090.tiff,132,201,glomeruli,1020,74,1152,275
095bf7a1f_12516_6090.tiff,42,5,glomeruli,1127,0,1169,5
095bf7a1f_12516_6090.tiff,131,42,glomeruli,676,0,807,42
095bf7a1f_12516_6090.tiff,136,124,glomeruli,170,0,306,124
095bf7a1f_12516_6699.tiff,164,185,glomeruli,717,97,881,282
095bf7a1f_12516_6699.tiff,132,201,glomeruli,411,74,543,275
095bf7a1f_12516_6699.tiff,144,64,glomeruli,675,0,819,64
095bf7a1f_12516_6699.tiff,42,5,glomeruli,518,0,560,5
095bf7a1f_12516_6699.tiff,131,42,glomeruli,67,0,198,42
095bf7a1f_12516_7308.tiff,164,185,glomeruli,108,97,272,282
095bf7a1f_12516_7308.tiff,167,66,glomeruli,977,0,1144,66
095bf7a1f_12516_7308.tiff,144,64,glomeruli,66,0,210,64
095bf7a1f_12516_7917.tiff,1,3,glomeruli,1217,553,1218,556
095bf7a1f_12516_7917.tiff,143,115,glomeruli,1045,188,1188,303
095bf7a1f_12516_7917.tiff,167,66,glomeruli,368,0,535,66
095bf7a1f_12516_8526.tiff,179,167,glomeruli,608,429,787,596
095bf7a1f_12516_8526.tiff,134,138,glomeruli,880,200,1014,338
095bf7a1f_12516_8526.tiff,143,115,glomeruli,436,188,579,303
095bf7a1f_12516_8526.tiff,151,121,glomeruli,907,44,1058,165
095bf7a1f_12516_8526.tiff,147,158,glomeruli,729,24,876,182
095bf7a1f_12516_9135.tiff,44,129,glomeruli,1174,461,1218,590
095bf7a1f_12516_9135.tiff,178,167,glomeruli,0,429,178,596
095bf7a1f_12516_9135.tiff,134,138,glomeruli,271,200,405,338
095bf7a1f_12516_9135.tiff,18,67,glomeruli,1200,83,1218,150
095bf7a1f_12516_9135.tiff,151,121,glomeruli,298,44,449,165
095bf7a1f_12516_9135.tiff,147,158,glomeruli,120,24,267,182
095bf7a1f_12516_9744.tiff,127,132,glomeruli,565,459,692,591
095bf7a1f_12516_9744.tiff,186,168,glomeruli,591,22,777,190
095bf7a1f_13112_10353.tiff,194,121,glomeruli,962,475,1156,596
095bf7a1f_13112_10353.tiff,191,169,glomeruli,70,427,261,596
095bf7a1f_13112_10962.tiff,194,121,glomeruli,353,475,547,596
095bf7a1f_13112_10962.tiff,182,146,glomeruli,633,332,815,478
095bf7a1f_13112_10962.tiff,62,180,glomeruli,1156,37,1218,217
095bf7a1f_13112_11571.tiff,182,146,glomeruli,24,332,206,478
095bf7a1f_13112_11571.tiff,241,222,glomeruli,547,18,788,240
095bf7a1f_13112_1218.tiff,152,177,glomeruli,723,0,875,177
095bf7a1f_13112_12180.tiff,179,222,glomeruli,0,18,179,240
095bf7a1f_13112_12180.tiff,221,221,glomeruli,870,15,1091,236
095bf7a1f_13112_12789.tiff,221,221,glomeruli,261,15,482,236
095bf7a1f_13112_13398.tiff,128,114,glomeruli,877,141,1005,255
095bf7a1f_13112_14007.tiff,195,86,glomeruli,667,510,862,596
095bf7a1f_13112_14007.tiff,128,114,glomeruli,268,141,396,255
095bf7a1f_13112_14616.tiff,195,86,glomeruli,58,510,253,596
095bf7a1f_13112_1827.tiff,192,131,glomeruli,792,465,984,596
095bf7a1f_13112_1827.tiff,152,177,glomeruli,114,0,266,177
095bf7a1f_13112_2436.tiff,192,131,glomeruli,183,465,375,596
095bf7a1f_13112_2436.tiff,257,198,glomeruli,648,337,905,535
095bf7a1f_13112_3045.tiff,257,198,glomeruli,39,337,296,535
095bf7a1f_13112_3045.tiff,170,196,glomeruli,706,87,876,283
095bf7a1f_13112_3654.tiff,88,130,glomeruli,1130,422,1218,552
095bf7a1f_13112_3654.tiff,170,196,glomeruli,97,87,267,283
095bf7a1f_13112_4263.tiff,127,130,glomeruli,521,422,648,552
095bf7a1f_13112_4263.tiff,154,189,glomeruli,667,236,821,425
095bf7a1f_13112_4872.tiff,60,20,glomeruli,893,576,953,596
095bf7a1f_13112_4872.tiff,39,104,glomeruli,0,446,39,550
095bf7a1f_13112_4872.tiff,154,189,glomeruli,58,236,212,425
095bf7a1f_13112_4872.tiff,173,233,glomeruli,611,118,784,351
095bf7a1f_13112_4872.tiff,135,162,glomeruli,819,0,954,162
095bf7a1f_13112_5481.tiff,60,20,glomeruli,284,576,344,596
095bf7a1f_13112_5481.tiff,177,118,glomeruli,666,478,843,596
095bf7a1f_13112_5481.tiff,173,233,glomeruli,2,118,175,351
095bf7a1f_13112_5481.tiff,186,109,glomeruli,657,0,843,109
095bf7a1f_13112_5481.tiff,135,162,glomeruli,210,0,345,162
095bf7a1f_13112_6090.tiff,177,118,glomeruli,57,478,234,596
095bf7a1f_13112_6090.tiff,50,192,glomeruli,1168,233,1218,425
095bf7a1f_13112_6090.tiff,219,167,glomeruli,625,151,844,318
095bf7a1f_13112_6090.tiff,186,109,glomeruli,48,0,234,109
095bf7a1f_13112_6699.tiff,163,192,glomeruli,559,233,722,425
095bf7a1f_13112_6699.tiff,219,167,glomeruli,16,151,235,318
095bf7a1f_13112_7308.tiff,116,117,glomeruli,721,344,837,461
095bf7a1f_13112_7308.tiff,113,191,glomeruli,0,234,113,425
095bf7a1f_13112_7917.tiff,116,117,glomeruli,112,344,228,461
095bf7a1f_13112_7917.tiff,102,127,glomeruli,712,122,814,249
095bf7a1f_13112_8526.tiff,75,141,glomeruli,1143,455,1218,596
095bf7a1f_13112_8526.tiff,113,129,glomeruli,698,149,811,278
095bf7a1f_13112_8526.tiff,102,127,glomeruli,103,122,205,249
095bf7a1f_13112_8526.tiff,156,26,glomeruli,616,0,772,26
095bf7a1f_13112_9135.tiff,167,146,glomeruli,534,450,701,596
095bf7a1f_13112_9135.tiff,161,121,glomeruli,736,413,897,534
095bf7a1f_13112_9135.tiff,113,129,glomeruli,89,149,202,278
095bf7a1f_13112_9135.tiff,156,26,glomeruli,7,0,163,26
095bf7a1f_13112_9744.tiff,92,146,glomeruli,0,450,92,596
095bf7a1f_13112_9744.tiff,191,169,glomeruli,679,427,870,596
095bf7a1f_13112_9744.tiff,161,121,glomeruli,127,413,288,534
095bf7a1f_13708_10353.tiff,113,170,glomeruli,0,283,113,453
095bf7a1f_13708_10353.tiff,226,288,glomeruli,988,49,1214,337
095bf7a1f_13708_10353.tiff,150,43,glomeruli,975,0,1125,43
095bf7a1f_13708_10353.tiff,85,11,glomeruli,147,0,232,11
095bf7a1f_13708_10962.tiff,226,288,glomeruli,379,49,605,337
095bf7a1f_13708_10962.tiff,150,43,glomeruli,366,0,516,43
095bf7a1f_13708_11571.tiff,228,171,glomeruli,699,101,927,272
095bf7a1f_13708_12180.tiff,211,236,glomeruli,882,172,1093,408
095bf7a1f_13708_12180.tiff,228,171,glomeruli,90,101,318,272
095bf7a1f_13708_12789.tiff,195,215,glomeruli,894,219,1089,434
095bf7a1f_13708_12789.tiff,211,236,glomeruli,273,172,484,408
095bf7a1f_13708_13398.tiff,139,57,glomeruli,1079,539,1218,596
095bf7a1f_13708_13398.tiff,195,215,glomeruli,285,219,480,434
095bf7a1f_13708_14007.tiff,186,57,glomeruli,470,539,656,596
095bf7a1f_13708_14007.tiff,207,206,glomeruli,742,356,949,562
095bf7a1f_13708_14007.tiff,188,82,glomeruli,667,0,855,82
095bf7a1f_13708_14616.tiff,47,54,glomeruli,0,542,47,596
095bf7a1f_13708_14616.tiff,207,206,glomeruli,133,356,340,562
095bf7a1f_13708_14616.tiff,188,82,glomeruli,58,0,246,82
095bf7a1f_13708_1827.tiff,170,50,glomeruli,814,0,984,50
095bf7a1f_13708_2436.tiff,170,50,glomeruli,205,0,375,50
095bf7a1f_13708_3654.tiff,154,143,glomeruli,882,161,1036,304
095bf7a1f_13708_3654.tiff,141,141,glomeruli,862,18,1003,159
095bf7a1f_13708_4263.tiff,154,143,glomeruli,273,161,427,304
095bf7a1f_13708_4263.tiff,141,141,glomeruli,253,18,394,159
095bf7a1f_13708_4872.tiff,77,97,glomeruli,884,0,961,97
095bf7a1f_13708_5481.tiff,170,97,glomeruli,871,499,1041,596
095bf7a1f_13708_5481.tiff,197,104,glomeruli,662,0,859,104
095bf7a1f_13708_5481.tiff,77,97,glomeruli,275,0,352,97
095bf7a1f_13708_6090.tiff,170,97,glomeruli,262,499,432,596
095bf7a1f_13708_6090.tiff,200,208,glomeruli,719,199,919,407
095bf7a1f_13708_6090.tiff,176,201,glomeruli,1016,171,1192,372
095bf7a1f_13708_6090.tiff,197,104,glomeruli,53,0,250,104
095bf7a1f_13708_6699.tiff,200,208,glomeruli,110,199,310,407
095bf7a1f_13708_6699.tiff,176,201,glomeruli,407,171,583,372
095bf7a1f_13708_7308.tiff,136,136,glomeruli,619,377,755,513
095bf7a1f_13708_7308.tiff,101,84,glomeruli,1117,334,1218,418
095bf7a1f_13708_7917.tiff,136,136,glomeruli,10,377,146,513
095bf7a1f_13708_7917.tiff,103,84,glomeruli,508,334,611,418
095bf7a1f_13708_7917.tiff,242,175,glomeruli,616,63,858,238
095bf7a1f_13708_8526.tiff,2,11,glomeruli,0,362,2,373
095bf7a1f_13708_8526.tiff,242,175,glomeruli,7,63,249,238
095bf7a1f_13708_8526.tiff,48,24,glomeruli,1170,0,1218,24
095bf7a1f_13708_9135.tiff,35,117,glomeruli,1183,307,1218,424
095bf7a1f_13708_9135.tiff,109,24,glomeruli,561,0,670,24
095bf7a1f_13708_9744.tiff,148,170,glomeruli,574,283,722,453
095bf7a1f_13708_9744.tiff,85,11,glomeruli,756,0,841,11
095bf7a1f_13708_9744.tiff,61,24,glomeruli,0,0,61,24
095bf7a1f_14304_10353.tiff,116,40,glomeruli,173,556,289,596
095bf7a1f_14304_10353.tiff,154,159,glomeruli,236,325,390,484
095bf7a1f_14304_10353.tiff,172,138,glomeruli,481,300,653,438
095bf7a1f_14304_10962.tiff,44,119,glomeruli,0,306,44,425
095bf7a1f_14304_13398.tiff,160,141,glomeruli,1058,0,1218,141
095bf7a1f_14304_14007.tiff,220,141,glomeruli,449,0,669,141
095bf7a1f_14304_14616.tiff,60,112,glomeruli,0,0,60,112
095bf7a1f_14304_2436.tiff,126,181,glomeruli,1092,106,1218,287
095bf7a1f_14304_3045.tiff,14,104,glomeruli,1204,294,1218,398
095bf7a1f_14304_3045.tiff,209,181,glomeruli,483,106,692,287
095bf7a1f_14304_3654.tiff,163,181,glomeruli,595,263,758,444
095bf7a1f_14304_3654.tiff,94,124,glomeruli,776,222,870,346
095bf7a1f_14304_3654.tiff,83,170,glomeruli,0,106,83,276
095bf7a1f_14304_3654.tiff,124,248,glomeruli,1094,34,1218,282
095bf7a1f_14304_3654.tiff,160,198,glomeruli,719,6,879,204
095bf7a1f_14304_4263.tiff,149,181,glomeruli,0,263,149,444
095bf7a1f_14304_4263.tiff,94,124,glomeruli,167,222,261,346
095bf7a1f_14304_4263.tiff,217,248,glomeruli,485,34,702,282
095bf7a1f_14304_4263.tiff,160,198,glomeruli,110,6,270,204
095bf7a1f_14304_4872.tiff,93,242,glomeruli,0,40,93,282
095bf7a1f_14304_5481.tiff,18,44,glomeruli,1200,114,1218,158
095bf7a1f_14304_5481.tiff,161,95,glomeruli,887,0,1048,95
095bf7a1f_14304_6090.tiff,5,4,glomeruli,1213,592,1218,596
095bf7a1f_14304_6090.tiff,173,110,glomeruli,591,82,764,192
095bf7a1f_14304_6090.tiff,161,95,glomeruli,278,0,439,95
095bf7a1f_14304_6699.tiff,144,39,glomeruli,604,557,748,596
095bf7a1f_14304_6699.tiff,202,149,glomeruli,980,306,1182,455
095bf7a1f_14304_6699.tiff,200,207,glomeruli,702,167,902,374
095bf7a1f_14304_6699.tiff,155,110,glomeruli,0,82,155,192
095bf7a1f_14304_7308.tiff,139,39,glomeruli,0,557,139,596
095bf7a1f_14304_7308.tiff,202,149,glomeruli,371,306,573,455
095bf7a1f_14304_7308.tiff,200,207,glomeruli,93,167,293,374
095bf7a1f_14304_7917.tiff,199,173,glomeruli,841,374,1040,547
095bf7a1f_14304_8526.tiff,206,165,glomeruli,672,397,878,562
095bf7a1f_14304_8526.tiff,199,173,glomeruli,232,374,431,547
095bf7a1f_14304_9135.tiff,206,165,glomeruli,63,397,269,562
095bf7a1f_14304_9135.tiff,173,169,glomeruli,659,349,832,518
095bf7a1f_14304_9744.tiff,116,40,glomeruli,782,556,898,596
095bf7a1f_14304_9744.tiff,173,169,glomeruli,50,349,223,518
095bf7a1f_14304_9744.tiff,154,159,glomeruli,845,325,999,484
095bf7a1f_14304_9744.tiff,128,138,glomeruli,1090,300,1218,438
095bf7a1f_14900_10353.tiff,228,127,glomeruli,546,469,774,596
095bf7a1f_14900_10353.tiff,179,147,glomeruli,145,0,324,147
095bf7a1f_14900_10962.tiff,165,127,glomeruli,0,469,165,596
095bf7a1f_14900_10962.tiff,107,182,glomeruli,1111,185,1218,367
095bf7a1f_14900_10962.tiff,217,192,glomeruli,822,169,1039,361
095bf7a1f_14900_11571.tiff,184,182,glomeruli,1034,349,1218,531
095bf7a1f_14900_11571.tiff,127,157,glomeruli,989,195,1116,352
095bf7a1f_14900_11571.tiff,175,183,glomeruli,502,184,677,367
095bf7a1f_14900_11571.tiff,217,192,glomeruli,213,169,430,361
095bf7a1f_14900_12180.tiff,224,182,glomeruli,425,349,649,531
095bf7a1f_14900_12180.tiff,127,157,glomeruli,380,195,507,352
095bf7a1f_14900_12180.tiff,68,175,glomeruli,0,184,68,359
095bf7a1f_14900_12789.tiff,40,120,glomeruli,0,357,40,477
095bf7a1f_14900_12789.tiff,15,69,glomeruli,1203,190,1218,259
095bf7a1f_14900_12789.tiff,211,167,glomeruli,736,139,947,306
095bf7a1f_14900_13398.tiff,231,208,glomeruli,633,328,864,536
095bf7a1f_14900_13398.tiff,211,167,glomeruli,127,139,338,306
095bf7a1f_14900_13398.tiff,218,206,glomeruli,594,127,812,333
095bf7a1f_14900_14007.tiff,233,119,glomeruli,985,477,1218,596
095bf7a1f_14900_14007.tiff,257,148,glomeruli,728,448,985,596
095bf7a1f_14900_14007.tiff,231,208,glomeruli,24,328,255,536
095bf7a1f_14900_14007.tiff,208,173,glomeruli,1007,238,1215,411
095bf7a1f_14900_14007.tiff,203,206,glomeruli,0,127,203,333
095bf7a1f_14900_14616.tiff,240,119,glomeruli,376,477,616,596
095bf7a1f_14900_14616.tiff,257,148,glomeruli,119,448,376,596
095bf7a1f_14900_14616.tiff,208,173,glomeruli,398,238,606,411
095bf7a1f_14900_15225.tiff,7,38,glomeruli,0,527,7,565
095bf7a1f_14900_6090.tiff,22,97,glomeruli,1196,0,1218,97
095bf7a1f_14900_6699.tiff,104,99,glomeruli,933,197,1037,296
095bf7a1f_14900_6699.tiff,140,193,glomeruli,1078,25,1218,218
095bf7a1f_14900_6699.tiff,212,142,glomeruli,587,0,799,142
095bf7a1f_14900_7308.tiff,104,99,glomeruli,324,197,428,296
095bf7a1f_14900_7308.tiff,230,193,glomeruli,469,25,699,218
095bf7a1f_14900_7308.tiff,190,142,glomeruli,0,0,190,142
095bf7a1f_14900_7917.tiff,90,183,glomeruli,0,34,90,217
095bf7a1f_14900_9744.tiff,63,126,glomeruli,1155,470,1218,596
095bf7a1f_14900_9744.tiff,179,147,glomeruli,754,0,933,147
095bf7a1f_15496_10353.tiff,28,140,glomeruli,1190,454,1218,594
095bf7a1f_15496_10353.tiff,188,204,glomeruli,264,319,452,523
095bf7a1f_15496_10353.tiff,103,195,glomeruli,0,209,103,404
095bf7a1f_15496_10353.tiff,197,67,glomeruli,575,0,772,67
095bf7a1f_15496_10962.tiff,218,154,glomeruli,581,442,799,596
095bf7a1f_15496_10962.tiff,143,200,glomeruli,1075,386,1218,586
095bf7a1f_15496_10962.tiff,197,167,glomeruli,831,299,1028,466
095bf7a1f_15496_10962.tiff,163,67,glomeruli,0,0,163,67
095bf7a1f_15496_11571.tiff,42,10,glomeruli,1070,586,1112,596
095bf7a1f_15496_11571.tiff,210,143,glomeruli,779,453,989,596
095bf7a1f_15496_11571.tiff,190,154,glomeruli,0,442,190,596
095bf7a1f_15496_11571.tiff,198,200,glomeruli,466,386,664,586
095bf7a1f_15496_11571.tiff,197,167,glomeruli,222,299,419,466
095bf7a1f_15496_12180.tiff,35,6,glomeruli,902,590,937,596
095bf7a1f_15496_12180.tiff,42,10,glomeruli,461,586,503,596
095bf7a1f_15496_12180.tiff,210,143,glomeruli,170,453,380,596
095bf7a1f_15496_12180.tiff,55,153,glomeruli,0,428,55,581
095bf7a1f_15496_12180.tiff,116,127,glomeruli,1016,395,1132,522
095bf7a1f_15496_12180.tiff,112,238,glomeruli,1106,67,1218,305
095bf7a1f_15496_12789.tiff,35,6,glomeruli,293,590,328,596
095bf7a1f_15496_12789.tiff,105,107,glomeruli,1113,489,1218,596
095bf7a1f_15496_12789.tiff,116,127,glomeruli,407,395,523,522
095bf7a1f_15496_12789.tiff,173,189,glomeruli,977,78,1150,267
095bf7a1f_15496_12789.tiff,178,238,glomeruli,497,67,675,305
095bf7a1f_15496_13398.tiff,234,114,glomeruli,504,482,738,596
095bf7a1f_15496_13398.tiff,173,189,glomeruli,368,78,541,267
095bf7a1f_15496_13398.tiff,66,232,glomeruli,0,67,66,299
095bf7a1f_15496_14007.tiff,129,114,glomeruli,0,482,129,596
095bf7a1f_15496_14007.tiff,212,60,glomeruli,983,0,1195,60
095bf7a1f_15496_14007.tiff,158,37,glomeruli,759,0,917,37
095bf7a1f_15496_14616.tiff,212,60,glomeruli,374,0,586,60
095bf7a1f_15496_14616.tiff,158,37,glomeruli,150,0,308,37
095bf7a1f_15496_9135.tiff,134,195,glomeruli,1084,203,1218,398
095bf7a1f_15496_9744.tiff,188,204,glomeruli,873,319,1061,523
095bf7a1f_15496_9744.tiff,237,201,glomeruli,475,203,712,404
095bf7a1f_15496_9744.tiff,34,26,glomeruli,1184,0,1218,26
095bf7a1f_16092_10353.tiff,74,240,glomeruli,0,110,74,350
095bf7a1f_16092_10962.tiff,167,45,glomeruli,611,0,778,45
095bf7a1f_16092_11571.tiff,347,209,glomeruli,819,0,1166,209
095bf7a1f_16092_11571.tiff,167,45,glomeruli,2,0,169,45
095bf7a1f_16092_12180.tiff,263,140,glomeruli,848,456,1111,596
095bf7a1f_16092_12180.tiff,210,234,glomeruli,819,0,1029,234
095bf7a1f_16092_12180.tiff,347,209,glomeruli,210,0,557,209
095bf7a1f_16092_12789.tiff,263,140,glomeruli,239,456,502,596
095bf7a1f_16092_12789.tiff,202,175,glomeruli,754,318,956,493
095bf7a1f_16092_12789.tiff,197,192,glomeruli,755,69,952,261
095bf7a1f_16092_12789.tiff,106,105,glomeruli,1112,0,1218,105
095bf7a1f_16092_12789.tiff,210,234,glomeruli,210,0,420,234
095bf7a1f_16092_13398.tiff,202,175,glomeruli,145,318,347,493
095bf7a1f_16092_13398.tiff,197,192,glomeruli,146,69,343,261
095bf7a1f_16092_13398.tiff,229,107,glomeruli,503,0,732,107
095bf7a1f_16092_14007.tiff,123,107,glomeruli,0,0,123,107
095bf7a1f_16092_9135.tiff,115,249,glomeruli,1103,105,1218,354
095bf7a1f_16092_9744.tiff,189,249,glomeruli,494,105,683,354
095bf7a1f_16688_12180.tiff,263,108,glomeruli,841,0,1104,108
095bf7a1f_16688_12789.tiff,268,118,glomeruli,936,478,1204,596
095bf7a1f_16688_12789.tiff,263,108,glomeruli,232,0,495,108
095bf7a1f_16688_13398.tiff,76,11,glomeruli,1135,585,1211,596
095bf7a1f_16688_13398.tiff,268,118,glomeruli,327,478,595,596
095bf7a1f_16688_14007.tiff,76,11,glomeruli,526,585,602,596
095bf7a1f_16688_14007.tiff,216,163,glomeruli,676,433,892,596
095bf7a1f_16688_14007.tiff,461,231,glomeruli,694,45,1155,276
095bf7a1f_16688_14616.tiff,216,163,glomeruli,67,433,283,596
095bf7a1f_16688_14616.tiff,461,231,glomeruli,85,45,546,276
095bf7a1f_16688_6090.tiff,78,85,glomeruli,739,485,817,570
095bf7a1f_16688_6699.tiff,78,85,glomeruli,130,485,208,570
095bf7a1f_17284_12789.tiff,261,103,glomeruli,939,0,1200,103
095bf7a1f_17284_13398.tiff,157,170,glomeruli,1061,0,1218,170
095bf7a1f_17284_13398.tiff,261,103,glomeruli,330,0,591,103
095bf7a1f_17284_14007.tiff,206,62,glomeruli,677,0,883,62
095bf7a1f_17284_14007.tiff,214,170,glomeruli,452,0,666,170
095bf7a1f_17284_14616.tiff,57,155,glomeruli,0,2,57,157
095bf7a1f_17284_14616.tiff,206,62,glomeruli,68,0,274,62
095bf7a1f_1788_6090.tiff,153,124,glomeruli,1065,472,1218,596
095bf7a1f_1788_6699.tiff,267,141,glomeruli,456,455,723,596
095bf7a1f_1788_7308.tiff,114,135,glomeruli,0,455,114,590
095bf7a1f_2384_4872.tiff,116,17,glomeruli,1037,579,1153,596
095bf7a1f_2384_5481.tiff,116,17,glomeruli,428,579,544,596
095bf7a1f_2384_5481.tiff,190,160,glomeruli,714,153,904,313
095bf7a1f_2384_6090.tiff,68,60,glomeruli,1150,536,1218,596
095bf7a1f_2384_6090.tiff,170,170,glomeruli,821,337,991,507
095bf7a1f_2384_6090.tiff,190,160,glomeruli,105,153,295,313
095bf7a1f_2384_6090.tiff,179,128,glomeruli,1039,0,1218,128
095bf7a1f_2384_6699.tiff,276,95,glomeruli,541,501,817,596
095bf7a1f_2384_6699.tiff,170,170,glomeruli,212,337,382,507
095bf7a1f_2384_6699.tiff,189,128,glomeruli,430,0,619,128
095bf7a1f_2384_7308.tiff,208,95,glomeruli,0,501,208,596
095bf7a1f_2384_7308.tiff,139,124,glomeruli,997,430,1136,554
095bf7a1f_2384_7308.tiff,10,58,glomeruli,0,19,10,77
095bf7a1f_2384_7917.tiff,139,124,glomeruli,388,430,527,554
095bf7a1f_2980_4263.tiff,215,196,glomeruli,958,347,1173,543
095bf7a1f_2980_4872.tiff,153,81,glomeruli,792,515,945,596
095bf7a1f_2980_4872.tiff,215,196,glomeruli,349,347,564,543
095bf7a1f_2980_4872.tiff,213,157,glomeruli,1003,0,1216,157
095bf7a1f_2980_5481.tiff,83,46,glomeruli,1135,550,1218,596
095bf7a1f_2980_5481.tiff,153,81,glomeruli,183,515,336,596
095bf7a1f_2980_5481.tiff,155,178,glomeruli,1055,387,1210,565
095bf7a1f_2980_5481.tiff,198,184,glomeruli,808,317,1006,501
095bf7a1f_2980_5481.tiff,213,157,glomeruli,394,0,607,157
095bf7a1f_2980_6090.tiff,164,46,glomeruli,526,550,690,596
095bf7a1f_2980_6090.tiff,155,178,glomeruli,446,387,601,565
095bf7a1f_2980_6090.tiff,198,184,glomeruli,199,317,397,501
095bf7a1f_2980_6090.tiff,75,121,glomeruli,1143,0,1218,121
095bf7a1f_2980_6699.tiff,81,46,glomeruli,0,550,81,596
095bf7a1f_2980_6699.tiff,272,161,glomeruli,534,0,806,161
095bf7a1f_2980_7308.tiff,107,91,glomeruli,927,503,1034,594
095bf7a1f_2980_7308.tiff,191,171,glomeruli,1027,425,1218,596
095bf7a1f_2980_7308.tiff,197,161,glomeruli,0,0,197,161
095bf7a1f_2980_7917.tiff,107,91,glomeruli,318,503,425,594
095bf7a1f_2980_7917.tiff,231,171,glomeruli,418,425,649,596
095bf7a1f_2980_8526.tiff,40,124,glomeruli,0,465,40,589
095bf7a1f_3576_4263.tiff,165,214,glomeruli,632,2,797,216
095bf7a1f_3576_4872.tiff,204,210,glomeruli,1014,73,1218,283
095bf7a1f_3576_4872.tiff,165,214,glomeruli,23,2,188,216
095bf7a1f_3576_4872.tiff,163,98,glomeruli,783,0,946,98
095bf7a1f_3576_5481.tiff,258,207,glomeruli,915,389,1173,596
095bf7a1f_3576_5481.tiff,202,218,glomeruli,673,167,875,385
095bf7a1f_3576_5481.tiff,222,210,glomeruli,405,73,627,283
095bf7a1f_3576_5481.tiff,118,141,glomeruli,1100,0,1218,141
095bf7a1f_3576_5481.tiff,163,98,glomeruli,174,0,337,98
095bf7a1f_3576_6090.tiff,258,207,glomeruli,306,389,564,596
095bf7a1f_3576_6090.tiff,174,246,glomeruli,785,221,959,467
095bf7a1f_3576_6090.tiff,202,218,glomeruli,64,167,266,385
095bf7a1f_3576_6090.tiff,18,138,glomeruli,0,117,18,255
095bf7a1f_3576_6090.tiff,216,141,glomeruli,491,0,707,141
095bf7a1f_3576_6699.tiff,185,28,glomeruli,879,568,1064,596
095bf7a1f_3576_6699.tiff,174,246,glomeruli,176,221,350,467
095bf7a1f_3576_6699.tiff,98,141,glomeruli,0,0,98,141
095bf7a1f_3576_7308.tiff,185,28,glomeruli,270,568,455,596
095bf7a1f_3576_7308.tiff,50,7,glomeruli,1148,0,1198,7
095bf7a1f_3576_7917.tiff,50,7,glomeruli,539,0,589,7
095bf7a1f_3576_8526.tiff,117,124,glomeruli,718,234,835,358
095bf7a1f_3576_9135.tiff,117,124,glomeruli,109,234,226,358
095bf7a1f_4172_5481.tiff,62,6,glomeruli,1033,0,1095,6
095bf7a1f_4172_6090.tiff,62,6,glomeruli,424,0,486,6
095bf7a1f_4172_6699.tiff,25,119,glomeruli,1193,176,1218,295
095bf7a1f_4172_6699.tiff,161,169,glomeruli,610,41,771,210
095bf7a1f_4172_6699.tiff,236,155,glomeruli,863,0,1099,155
095bf7a1f_4172_7308.tiff,218,186,glomeruli,584,148,802,334
095bf7a1f_4172_7308.tiff,161,169,glomeruli,1,41,162,210
095bf7a1f_4172_7308.tiff,236,155,glomeruli,254,0,490,155
095bf7a1f_4172_7917.tiff,193,186,glomeruli,0,148,193,334
095bf7a1f_4768_10962.tiff,227,239,glomeruli,655,238,882,477
095bf7a1f_4768_11571.tiff,227,239,glomeruli,46,238,273,477
095bf7a1f_4768_3045.tiff,76,48,glomeruli,1142,548,1218,596
095bf7a1f_4768_3654.tiff,139,48,glomeruli,533,548,672,596
095bf7a1f_4768_3654.tiff,248,197,glomeruli,798,189,1046,386
095bf7a1f_4768_4263.tiff,63,41,glomeruli,0,555,63,596
095bf7a1f_4768_4263.tiff,111,57,glomeruli,1107,539,1218,596
095bf7a1f_4768_4263.tiff,248,197,glomeruli,189,189,437,386
095bf7a1f_4768_4872.tiff,152,57,glomeruli,498,539,650,596
095bf7a1f_4768_4872.tiff,214,193,glomeruli,746,393,960,586
095bf7a1f_4768_4872.tiff,171,158,glomeruli,730,239,901,397
095bf7a1f_4768_5481.tiff,41,44,glomeruli,0,552,41,596
095bf7a1f_4768_5481.tiff,214,193,glomeruli,137,393,351,586
095bf7a1f_4768_5481.tiff,171,158,glomeruli,121,239,292,397
095bf7a1f_4768_5481.tiff,175,201,glomeruli,788,91,963,292
095bf7a1f_4768_6090.tiff,176,177,glomeruli,1042,301,1218,478
095bf7a1f_4768_6090.tiff,219,169,glomeruli,947,161,1166,330
095bf7a1f_4768_6090.tiff,175,201,glomeruli,179,91,354,292
095bf7a1f_4768_6699.tiff,265,180,glomeruli,433,301,698,481
095bf7a1f_4768_6699.tiff,219,169,glomeruli,338,161,557,330
095bf7a1f_4768_7308.tiff,89,178,glomeruli,0,303,89,481
095bf7a1f_5364_3045.tiff,93,162,glomeruli,1125,0,1218,162
095bf7a1f_5364_3654.tiff,201,164,glomeruli,811,432,1012,596
095bf7a1f_5364_3654.tiff,193,162,glomeruli,516,0,709,162
095bf7a1f_5364_4263.tiff,201,164,glomeruli,202,432,403,596
095bf7a1f_5364_4263.tiff,122,114,glomeruli,1096,0,1218,114
095bf7a1f_5364_4263.tiff,100,154,glomeruli,0,0,100,154
095bf7a1f_5364_4872.tiff,189,207,glomeruli,1029,195,1218,402
095bf7a1f_5364_4872.tiff,163,114,glomeruli,487,0,650,114
095bf7a1f_5364_5481.tiff,218,207,glomeruli,420,195,638,402
095bf7a1f_5364_5481.tiff,41,98,glomeruli,0,0,41,98
095bf7a1f_5364_6090.tiff,157,108,glomeruli,1061,488,1218,596
095bf7a1f_5364_6090.tiff,29,151,glomeruli,0,223,29,374
095bf7a1f_5364_6090.tiff,218,174,glomeruli,622,149,840,323
095bf7a1f_5364_6699.tiff,219,111,glomeruli,452,485,671,596
095bf7a1f_5364_6699.tiff,213,124,glomeruli,684,472,897,596
095bf7a1f_5364_6699.tiff,218,174,glomeruli,13,149,231,323
095bf7a1f_5364_7308.tiff,62,111,glomeruli,0,485,62,596
095bf7a1f_5364_7308.tiff,213,124,glomeruli,75,472,288,596
095bf7a1f_5364_7917.tiff,240,225,glomeruli,925,211,1165,436
095bf7a1f_5364_8526.tiff,240,225,glomeruli,316,211,556,436
095bf7a1f_5960_2436.tiff,44,123,glomeruli,1174,222,1218,345
095bf7a1f_5960_3045.tiff,189,240,glomeruli,1029,356,1218,596
095bf7a1f_5960_3045.tiff,134,136,glomeruli,565,221,699,357
095bf7a1f_5960_3045.tiff,165,153,glomeruli,757,22,922,175
095bf7a1f_5960_3654.tiff,202,240,glomeruli,420,356,622,596
095bf7a1f_5960_3654.tiff,90,136,glomeruli,0,221,90,357
095bf7a1f_5960_3654.tiff,165,153,glomeruli,148,22,313,175
095bf7a1f_5960_3654.tiff,120,20,glomeruli,822,0,942,20
095bf7a1f_5960_4263.tiff,13,69,glomeruli,0,398,13,467
095bf7a1f_5960_4263.tiff,120,20,glomeruli,213,0,333,20
095bf7a1f_5960_6090.tiff,65,15,glomeruli,671,581,736,596
095bf7a1f_5960_6090.tiff,13,75,glomeruli,1205,313,1218,388
095bf7a1f_5960_6090.tiff,225,179,glomeruli,619,254,844,433
095bf7a1f_5960_6090.tiff,153,82,glomeruli,1065,0,1218,82
095bf7a1f_5960_6699.tiff,65,15,glomeruli,62,581,127,596
095bf7a1f_5960_6699.tiff,240,189,glomeruli,596,270,836,459
095bf7a1f_5960_6699.tiff,225,179,glomeruli,10,254,235,433
095bf7a1f_5960_6699.tiff,227,145,glomeruli,684,0,911,145
095bf7a1f_5960_6699.tiff,180,82,glomeruli,456,0,636,82
095bf7a1f_5960_7308.tiff,227,189,glomeruli,0,270,227,459
095bf7a1f_5960_7308.tiff,217,192,glomeruli,925,40,1142,232
095bf7a1f_5960_7308.tiff,227,145,glomeruli,75,0,302,145
095bf7a1f_5960_7308.tiff,27,71,glomeruli,0,0,27,71
095bf7a1f_5960_7917.tiff,217,192,glomeruli,316,40,533,232
095bf7a1f_6556_10353.tiff,48,79,glomeruli,0,517,48,596
095bf7a1f_6556_10353.tiff,129,257,glomeruli,1089,304,1218,561
095bf7a1f_6556_10353.tiff,133,109,glomeruli,367,284,500,393
095bf7a1f_6556_10962.tiff,228,271,glomeruli,480,290,708,561
095bf7a1f_6556_11571.tiff,99,270,glomeruli,0,290,99,560
095bf7a1f_6556_2436.tiff,194,171,glomeruli,926,425,1120,596
095bf7a1f_6556_2436.tiff,165,158,glomeruli,876,76,1041,234
095bf7a1f_6556_3045.tiff,194,171,glomeruli,317,425,511,596
095bf7a1f_6556_3045.tiff,204,194,glomeruli,1014,402,1218,596
095bf7a1f_6556_3045.tiff,165,158,glomeruli,267,76,432,234
095bf7a1f_6556_3045.tiff,33,5,glomeruli,1056,0,1089,5
095bf7a1f_6556_3654.tiff,215,194,glomeruli,405,402,620,596
095bf7a1f_6556_3654.tiff,206,189,glomeruli,958,270,1164,459
095bf7a1f_6556_3654.tiff,33,5,glomeruli,447,0,480,5
095bf7a1f_6556_4263.tiff,19,14,glomeruli,1199,582,1218,596
095bf7a1f_6556_4263.tiff,11,87,glomeruli,0,470,11,557
095bf7a1f_6556_4263.tiff,206,189,glomeruli,349,270,555,459
095bf7a1f_6556_4263.tiff,135,125,glomeruli,750,45,885,170
095bf7a1f_6556_4872.tiff,210,77,glomeruli,590,519,800,596
095bf7a1f_6556_4872.tiff,162,166,glomeruli,812,196,974,362
095bf7a1f_6556_4872.tiff,135,125,glomeruli,141,45,276,170
095bf7a1f_6556_5481.tiff,191,77,glomeruli,0,519,191,596
095bf7a1f_6556_5481.tiff,204,117,glomeruli,758,479,962,596
095bf7a1f_6556_5481.tiff,162,166,glomeruli,203,196,365,362
095bf7a1f_6556_6090.tiff,204,117,glomeruli,149,479,353,596
095bf7a1f_6556_6090.tiff,133,140,glomeruli,638,0,771,140
095bf7a1f_6556_6699.tiff,133,140,glomeruli,29,0,162,140
095bf7a1f_6556_7308.tiff,161,217,glomeruli,1057,372,1218,589
095bf7a1f_6556_7917.tiff,141,83,glomeruli,1077,513,1218,596
095bf7a1f_6556_7917.tiff,188,217,glomeruli,448,372,636,589
095bf7a1f_6556_8526.tiff,185,83,glomeruli,468,513,653,596
095bf7a1f_6556_8526.tiff,27,138,glomeruli,0,418,27,556
095bf7a1f_6556_9135.tiff,44,78,glomeruli,0,518,44,596
095bf7a1f_6556_9135.tiff,138,82,glomeruli,1080,514,1218,596
095bf7a1f_6556_9744.tiff,186,82,glomeruli,471,514,657,596
095bf7a1f_6556_9744.tiff,133,109,glomeruli,976,284,1109,393
095bf7a1f_7152_10353.tiff,217,189,glomeruli,177,48,394,237
095bf7a1f_7152_10353.tiff,51,106,glomeruli,0,0,51,106
095bf7a1f_7152_10962.tiff,225,214,glomeruli,940,363,1165,577
095bf7a1f_7152_11571.tiff,203,175,glomeruli,652,421,855,596
095bf7a1f_7152_11571.tiff,225,214,glomeruli,331,363,556,577
095bf7a1f_7152_11571.tiff,234,211,glomeruli,860,4,1094,215
095bf7a1f_7152_12180.tiff,203,175,glomeruli,43,421,246,596
095bf7a1f_7152_12180.tiff,234,211,glomeruli,251,4,485,215
095bf7a1f_7152_2436.tiff,232,227,glomeruli,824,252,1056,479
095bf7a1f_7152_2436.tiff,112,10,glomeruli,978,0,1090,10
095bf7a1f_7152_3045.tiff,232,227,glomeruli,215,252,447,479
095bf7a1f_7152_3045.tiff,117,14,glomeruli,1055,0,1172,14
095bf7a1f_7152_3045.tiff,112,10,glomeruli,369,0,481,10
095bf7a1f_7152_3654.tiff,117,14,glomeruli,446,0,563,14
095bf7a1f_7152_4263.tiff,175,66,glomeruli,1034,530,1209,596
095bf7a1f_7152_4263.tiff,4,25,glomeruli,1214,488,1218,513
095bf7a1f_7152_4263.tiff,38,71,glomeruli,1180,0,1218,71
095bf7a1f_7152_4872.tiff,175,66,glomeruli,425,530,600,596
095bf7a1f_7152_4872.tiff,268,159,glomeruli,605,432,873,591
095bf7a1f_7152_4872.tiff,231,107,glomeruli,571,0,802,107
095bf7a1f_7152_5481.tiff,264,159,glomeruli,0,432,264,591
095bf7a1f_7152_5481.tiff,162,143,glomeruli,992,53,1154,196
095bf7a1f_7152_5481.tiff,206,102,glomeruli,766,0,972,102
095bf7a1f_7152_5481.tiff,193,107,glomeruli,0,0,193,107
095bf7a1f_7152_6090.tiff,185,229,glomeruli,1033,258,1218,487
095bf7a1f_7152_6090.tiff,162,143,glomeruli,383,53,545,196
095bf7a1f_7152_6090.tiff,206,102,glomeruli,157,0,363,102
095bf7a1f_7152_6699.tiff,244,229,glomeruli,424,258,668,487
095bf7a1f_7152_7308.tiff,59,179,glomeruli,0,305,59,484
095bf7a1f_7152_7917.tiff,9,67,glomeruli,1209,529,1218,596
095bf7a1f_7152_7917.tiff,141,85,glomeruli,1077,0,1218,85
095bf7a1f_7152_8526.tiff,240,127,glomeruli,600,469,840,596
095bf7a1f_7152_8526.tiff,173,85,glomeruli,468,0,641,85
095bf7a1f_7152_9135.tiff,231,127,glomeruli,0,469,231,596
095bf7a1f_7152_9135.tiff,189,214,glomeruli,845,67,1034,281
095bf7a1f_7152_9135.tiff,148,109,glomeruli,1070,0,1218,109
095bf7a1f_7152_9135.tiff,32,43,glomeruli,0,0,32,43
095bf7a1f_7152_9744.tiff,189,214,glomeruli,236,67,425,281
095bf7a1f_7152_9744.tiff,217,189,glomeruli,786,48,1003,237
095bf7a1f_7152_9744.tiff,199,109,glomeruli,461,0,660,109
095bf7a1f_7748_10353.tiff,87,111,glomeruli,0,485,87,596
095bf7a1f_7748_10353.tiff,229,231,glomeruli,109,362,338,593
095bf7a1f_7748_10353.tiff,8,59,glomeruli,0,164,8,223
095bf7a1f_7748_10353.tiff,176,167,glomeruli,472,117,648,284
095bf7a1f_7748_10353.tiff,160,148,glomeruli,878,114,1038,262
095bf7a1f_7748_10962.tiff,132,235,glomeruli,1086,180,1218,415
095bf7a1f_7748_10962.tiff,288,244,glomeruli,657,165,945,409
095bf7a1f_7748_10962.tiff,39,131,glomeruli,0,121,39,252
095bf7a1f_7748_10962.tiff,160,148,glomeruli,269,114,429,262
095bf7a1f_7748_11571.tiff,133,164,glomeruli,969,373,1102,537
095bf7a1f_7748_11571.tiff,96,95,glomeruli,1122,205,1218,300
095bf7a1f_7748_11571.tiff,204,236,glomeruli,477,180,681,416
095bf7a1f_7748_11571.tiff,288,244,glomeruli,48,165,336,409
095bf7a1f_7748_11571.tiff,77,18,glomeruli,685,0,762,18
095bf7a1f_7748_1218.tiff,110,20,glomeruli,1009,576,1119,596
095bf7a1f_7748_12180.tiff,133,164,glomeruli,360,373,493,537
095bf7a1f_7748_12180.tiff,147,95,glomeruli,513,205,660,300
095bf7a1f_7748_12180.tiff,72,219,glomeruli,0,197,72,416
095bf7a1f_7748_12180.tiff,77,18,glomeruli,76,0,153,18
095bf7a1f_7748_12789.tiff,51,89,glomeruli,0,208,51,297
095bf7a1f_7748_1827.tiff,110,20,glomeruli,400,576,510,596
095bf7a1f_7748_1827.tiff,180,164,glomeruli,836,156,1016,320
095bf7a1f_7748_2436.tiff,135,168,glomeruli,655,182,790,350
095bf7a1f_7748_2436.tiff,180,164,glomeruli,227,156,407,320
095bf7a1f_7748_3045.tiff,149,99,glomeruli,614,454,763,553
095bf7a1f_7748_3045.tiff,135,168,glomeruli,46,182,181,350
095bf7a1f_7748_3654.tiff,149,99,glomeruli,5,454,154,553
095bf7a1f_7748_4263.tiff,203,425,glomeruli,1015,0,1218,425
095bf7a1f_7748_4872.tiff,211,425,glomeruli,406,0,617,425
095bf7a1f_7748_5481.tiff,59,201,glomeruli,1159,216,1218,417
095bf7a1f_7748_5481.tiff,8,72,glomeruli,0,63,8,135
095bf7a1f_7748_6090.tiff,310,218,glomeruli,550,207,860,425
095bf7a1f_7748_6699.tiff,251,218,glomeruli,0,207,251,425
095bf7a1f_7748_7308.tiff,165,107,glomeruli,822,489,987,596
095bf7a1f_7748_7308.tiff,344,377,glomeruli,645,32,989,409
095bf7a1f_7748_7917.tiff,163,47,glomeruli,848,549,1011,596
095bf7a1f_7748_7917.tiff,165,107,glomeruli,213,489,378,596
095bf7a1f_7748_7917.tiff,228,251,glomeruli,706,338,934,589
095bf7a1f_7748_7917.tiff,344,377,glomeruli,36,32,380,409
095bf7a1f_7748_7917.tiff,10,41,glomeruli,1208,0,1218,41
095bf7a1f_7748_8526.tiff,163,47,glomeruli,239,549,402,596
095bf7a1f_7748_8526.tiff,228,251,glomeruli,97,338,325,589
095bf7a1f_7748_8526.tiff,236,63,glomeruli,599,0,835,63
095bf7a1f_7748_9135.tiff,106,124,glomeruli,1112,472,1218,596
095bf7a1f_7748_9135.tiff,194,180,glomeruli,707,145,901,325
095bf7a1f_7748_9135.tiff,206,172,glomeruli,1012,79,1218,251
095bf7a1f_7748_9135.tiff,226,63,glomeruli,0,0,226,63
095bf7a1f_7748_9744.tiff,193,124,glomeruli,503,472,696,596
095bf7a1f_7748_9744.tiff,229,231,glomeruli,718,362,947,593
095bf7a1f_7748_9744.tiff,194,180,glomeruli,98,145,292,325
095bf7a1f_7748_9744.tiff,137,167,glomeruli,1081,117,1218,284
095bf7a1f_7748_9744.tiff,214,172,glomeruli,403,79,617,251
095bf7a1f_8344_10353.tiff,185,183,glomeruli,992,413,1177,596
095bf7a1f_8344_10353.tiff,89,105,glomeruli,0,0,89,105
095bf7a1f_8344_10962.tiff,185,183,glomeruli,383,413,568,596
095bf7a1f_8344_10962.tiff,62,152,glomeruli,1156,51,1218,203
095bf7a1f_8344_11571.tiff,88,193,glomeruli,1130,158,1218,351
095bf7a1f_8344_11571.tiff,128,152,glomeruli,547,51,675,203
095bf7a1f_8344_1218.tiff,156,151,glomeruli,963,0,1119,151
095bf7a1f_8344_12180.tiff,241,193,glomeruli,521,158,762,351
095bf7a1f_8344_12180.tiff,66,149,glomeruli,0,54,66,203
095bf7a1f_8344_12789.tiff,153,192,glomeruli,0,158,153,350
095bf7a1f_8344_1827.tiff,207,133,glomeruli,872,26,1079,159
095bf7a1f_8344_1827.tiff,156,151,glomeruli,354,0,510,151
095bf7a1f_8344_2436.tiff,128,123,glomeruli,903,420,1031,543
095bf7a1f_8344_2436.tiff,207,133,glomeruli,263,26,470,159
095bf7a1f_8344_3045.tiff,128,123,glomeruli,294,420,422,543
095bf7a1f_8344_3654.tiff,250,231,glomeruli,768,263,1018,494
095bf7a1f_8344_4263.tiff,167,243,glomeruli,1051,278,1218,521
095bf7a1f_8344_4263.tiff,250,231,glomeruli,159,263,409,494
095bf7a1f_8344_4872.tiff,172,243,glomeruli,442,278,614,521
095bf7a1f_8344_5481.tiff,5,55,glomeruli,0,393,5,448
095bf7a1f_8344_5481.tiff,191,229,glomeruli,998,367,1189,596
095bf7a1f_8344_5481.tiff,212,183,glomeruli,827,83,1039,266
095bf7a1f_8344_5481.tiff,120,149,glomeruli,1055,60,1175,209
095bf7a1f_8344_6090.tiff,191,229,glomeruli,389,367,580,596
095bf7a1f_8344_6090.tiff,196,367,glomeruli,1022,229,1218,596
095bf7a1f_8344_6090.tiff,212,183,glomeruli,218,83,430,266
095bf7a1f_8344_6090.tiff,120,149,glomeruli,446,60,566,209
095bf7a1f_8344_6699.tiff,285,367,glomeruli,413,229,698,596
095bf7a1f_8344_7308.tiff,79,119,glomeruli,0,477,79,596
095bf7a1f_8344_7308.tiff,89,159,glomeruli,0,231,89,390
095bf7a1f_8344_7308.tiff,173,204,glomeruli,662,144,835,348
095bf7a1f_8344_7308.tiff,128,43,glomeruli,844,0,972,43
095bf7a1f_8344_7917.tiff,173,204,glomeruli,53,144,226,348
095bf7a1f_8344_7917.tiff,87,251,glomeruli,1131,114,1218,365
095bf7a1f_8344_7917.tiff,231,186,glomeruli,827,0,1058,186
095bf7a1f_8344_7917.tiff,128,43,glomeruli,235,0,363,43
095bf7a1f_8344_8526.tiff,137,150,glomeruli,913,141,1050,291
095bf7a1f_8344_8526.tiff,191,251,glomeruli,522,114,713,365
095bf7a1f_8344_8526.tiff,231,186,glomeruli,218,0,449,186
095bf7a1f_8344_9135.tiff,137,150,glomeruli,304,141,441,291
095bf7a1f_8344_9135.tiff,104,246,glomeruli,0,117,104,363
095bf7a1f_8344_9135.tiff,106,119,glomeruli,1112,0,1218,119
095bf7a1f_8344_9744.tiff,195,119,glomeruli,503,0,698,119
095bf7a1f_8940_10353.tiff,141,64,glomeruli,60,532,201,596
095bf7a1f_8940_10353.tiff,49,104,glomeruli,0,423,49,527
095bf7a1f_8940_10353.tiff,56,207,glomeruli,1162,47,1218,254
095bf7a1f_8940_10353.tiff,106,21,glomeruli,1024,0,1130,21
095bf7a1f_8940_10962.tiff,221,189,glomeruli,842,407,1063,596
095bf7a1f_8940_10962.tiff,170,151,glomeruli,1048,136,1218,287
095bf7a1f_8940_10962.tiff,247,230,glomeruli,553,28,800,258
095bf7a1f_8940_10962.tiff,106,21,glomeruli,415,0,521,21
095bf7a1f_8940_11571.tiff,221,189,glomeruli,233,407,454,596
095bf7a1f_8940_11571.tiff,192,151,glomeruli,439,136,631,287
095bf7a1f_8940_11571.tiff,153,199,glomeruli,909,57,1062,256
095bf7a1f_8940_11571.tiff,191,230,glomeruli,0,28,191,258
095bf7a1f_8940_1218.tiff,106,170,glomeruli,268,426,374,596
095bf7a1f_8940_1218.tiff,191,172,glomeruli,581,188,772,360
095bf7a1f_8940_1218.tiff,151,171,glomeruli,933,87,1084,258
095bf7a1f_8940_12180.tiff,39,3,glomeruli,1164,593,1203,596
095bf7a1f_8940_12180.tiff,244,164,glomeruli,758,288,1002,452
095bf7a1f_8940_12180.tiff,22,95,glomeruli,0,156,22,251
095bf7a1f_8940_12180.tiff,2,15,glomeruli,1216,69,1218,84
095bf7a1f_8940_12180.tiff,153,199,glomeruli,300,57,453,256
095bf7a1f_8940_12180.tiff,188,211,glomeruli,968,13,1156,224
095bf7a1f_8940_12789.tiff,39,3,glomeruli,555,593,594,596
095bf7a1f_8940_12789.tiff,153,42,glomeruli,816,554,969,596
095bf7a1f_8940_12789.tiff,244,164,glomeruli,149,288,393,452
095bf7a1f_8940_12789.tiff,196,146,glomeruli,607,15,803,161
095bf7a1f_8940_12789.tiff,188,211,glomeruli,359,13,547,224
095bf7a1f_8940_13398.tiff,153,42,glomeruli,207,554,360,596
095bf7a1f_8940_13398.tiff,194,146,glomeruli,0,15,194,161
095bf7a1f_8940_1827.tiff,31,102,glomeruli,1187,228,1218,330
095bf7a1f_8940_1827.tiff,163,172,glomeruli,0,188,163,360
095bf7a1f_8940_1827.tiff,151,171,glomeruli,324,87,475,258
095bf7a1f_8940_2436.tiff,79,7,glomeruli,648,589,727,596
095bf7a1f_8940_2436.tiff,131,133,glomeruli,578,216,709,349
095bf7a1f_8940_3045.tiff,79,7,glomeruli,39,589,118,596
095bf7a1f_8940_3045.tiff,100,133,glomeruli,0,216,100,349
095bf7a1f_8940_4263.tiff,128,138,glomeruli,1090,458,1218,596
095bf7a1f_8940_4872.tiff,207,138,glomeruli,481,458,688,596
095bf7a1f_8940_5481.tiff,79,112,glomeruli,0,484,79,596
095bf7a1f_8940_5481.tiff,176,175,glomeruli,936,281,1112,456
095bf7a1f_8940_5481.tiff,30,5,glomeruli,1123,0,1153,5
095bf7a1f_8940_609.tiff,106,170,glomeruli,877,426,983,596
095bf7a1f_8940_609.tiff,28,130,glomeruli,1190,210,1218,340
095bf7a1f_8940_6090.tiff,176,175,glomeruli,327,281,503,456
095bf7a1f_8940_6090.tiff,84,72,glomeruli,1134,0,1218,72
095bf7a1f_8940_6090.tiff,30,5,glomeruli,514,0,544,5
095bf7a1f_8940_6699.tiff,72,129,glomeruli,1146,260,1218,389
095bf7a1f_8940_6699.tiff,215,190,glomeruli,918,33,1133,223
095bf7a1f_8940_6699.tiff,152,72,glomeruli,525,0,677,72
095bf7a1f_8940_7308.tiff,165,71,glomeruli,1045,525,1210,596
095bf7a1f_8940_7308.tiff,104,129,glomeruli,537,260,641,389
095bf7a1f_8940_7308.tiff,215,190,glomeruli,309,33,524,223
095bf7a1f_8940_7308.tiff,68,72,glomeruli,0,0,68,72
095bf7a1f_8940_7917.tiff,165,71,glomeruli,436,525,601,596
095bf7a1f_8940_7917.tiff,32,114,glomeruli,0,264,32,378
095bf7a1f_8940_9135.tiff,52,104,glomeruli,1166,423,1218,527
095bf7a1f_8940_9744.tiff,141,64,glomeruli,669,532,810,596
095bf7a1f_8940_9744.tiff,101,104,glomeruli,557,423,658,527
095bf7a1f_9536_10353.tiff,73,15,glomeruli,313,581,386,596
095bf7a1f_9536_10353.tiff,178,208,glomeruli,61,0,239,208
095bf7a1f_9536_10962.tiff,124,36,glomeruli,889,0,1013,36
095bf7a1f_9536_11571.tiff,124,36,glomeruli,280,0,404,36
095bf7a1f_9536_1218.tiff,141,43,glomeruli,476,553,617,596
095bf7a1f_9536_1218.tiff,225,180,glomeruli,779,160,1004,340
095bf7a1f_9536_1218.tiff,146,207,glomeruli,336,40,482,247
095bf7a1f_9536_1218.tiff,30,4,glomeruli,295,0,325,4
095bf7a1f_9536_12180.tiff,155,204,glomeruli,741,277,896,481
095bf7a1f_9536_12180.tiff,135,158,glomeruli,1083,0,1218,158
095bf7a1f_9536_12789.tiff,155,204,glomeruli,132,277,287,481
095bf7a1f_9536_12789.tiff,246,168,glomeruli,805,0,1051,168
095bf7a1f_9536_12789.tiff,145,158,glomeruli,474,0,619,158
095bf7a1f_9536_13398.tiff,10,35,glomeruli,0,22,10,57
095bf7a1f_9536_13398.tiff,246,168,glomeruli,196,0,442,168
095bf7a1f_9536_1827.tiff,8,8,glomeruli,0,588,8,596
095bf7a1f_9536_1827.tiff,53,103,glomeruli,1165,493,1218,596
095bf7a1f_9536_1827.tiff,225,180,glomeruli,170,160,395,340
095bf7a1f_9536_2436.tiff,166,108,glomeruli,556,488,722,596
095bf7a1f_9536_2436.tiff,151,146,glomeruli,745,318,896,464
095bf7a1f_9536_2436.tiff,216,201,glomeruli,616,0,832,201
095bf7a1f_9536_3045.tiff,3,1,glomeruli,1194,595,1197,596
095bf7a1f_9536_3045.tiff,113,108,glomeruli,0,488,113,596
095bf7a1f_9536_3045.tiff,219,170,glomeruli,642,426,861,596
095bf7a1f_9536_3045.tiff,151,146,glomeruli,136,318,287,464
095bf7a1f_9536_3045.tiff,216,201,glomeruli,7,0,223,201
095bf7a1f_9536_3654.tiff,3,1,glomeruli,585,595,588,596
095bf7a1f_9536_3654.tiff,219,170,glomeruli,33,426,252,596
095bf7a1f_9536_4263.tiff,206,102,glomeruli,781,494,987,596
095bf7a1f_9536_4263.tiff,232,178,glomeruli,703,12,935,190
095bf7a1f_9536_4263.tiff,110,69,glomeruli,1108,0,1218,69
095bf7a1f_9536_4872.tiff,206,102,glomeruli,172,494,378,596
095bf7a1f_9536_4872.tiff,161,125,glomeruli,1057,471,1218,596
095bf7a1f_9536_4872.tiff,159,176,glomeruli,893,74,1052,250
095bf7a1f_9536_4872.tiff,232,178,glomeruli,94,12,326,190
095bf7a1f_9536_4872.tiff,190,75,glomeruli,499,0,689,75
095bf7a1f_9536_5481.tiff,174,125,glomeruli,448,471,622,596
095bf7a1f_9536_5481.tiff,226,174,glomeruli,717,200,943,374
095bf7a1f_9536_5481.tiff,159,176,glomeruli,284,74,443,250
095bf7a1f_9536_5481.tiff,80,75,glomeruli,0,0,80,75
095bf7a1f_9536_609.tiff,133,43,glomeruli,1085,553,1218,596
095bf7a1f_9536_609.tiff,146,207,glomeruli,945,40,1091,247
095bf7a1f_9536_609.tiff,30,4,glomeruli,904,0,934,4
095bf7a1f_9536_6090.tiff,13,68,glomeruli,0,524,13,592
095bf7a1f_9536_6090.tiff,150,76,glomeruli,733,520,883,596
095bf7a1f_9536_6090.tiff,226,174,glomeruli,108,200,334,374
095bf7a1f_9536_6699.tiff,150,76,glomeruli,124,520,274,596
095bf7a1f_9536_6699.tiff,125,123,glomeruli,1015,473,1140,596
095bf7a1f_9536_7308.tiff,180,107,glomeruli,645,489,825,596
095bf7a1f_9536_7308.tiff,125,123,glomeruli,406,473,531,596
095bf7a1f_9536_7308.tiff,199,190,glomeruli,947,246,1146,436
095bf7a1f_9536_7308.tiff,177,141,glomeruli,1041,0,1218,141
095bf7a1f_9536_7917.tiff,180,107,glomeruli,36,489,216,596
095bf7a1f_9536_7917.tiff,199,190,glomeruli,338,246,537,436
095bf7a1f_9536_7917.tiff,180,141,glomeruli,432,0,612,141
095bf7a1f_9536_8526.tiff,109,43,glomeruli,609,553,718,596
095bf7a1f_9536_8526.tiff,74,206,glomeruli,1144,162,1218,368
095bf7a1f_9536_8526.tiff,3,16,glomeruli,0,15,3,31
095bf7a1f_9536_9135.tiff,109,43,glomeruli,0,553,109,596
095bf7a1f_9536_9135.tiff,159,219,glomeruli,535,162,694,381
095bf7a1f_9536_9744.tiff,73,15,glomeruli,922,581,995,596
095bf7a1f_9536_9744.tiff,85,218,glomeruli,0,163,85,381
095bf7a1f_9536_9744.tiff,178,208,glomeruli,670,0,848,208
1e2425f28_10032_10060.tiff,209,263,glomeruli,601,391,810,654
1e2425f28_10032_10060.tiff,159,153,glomeruli,732,78,891,231
1e2425f28_10032_11066.tiff,175,191,glomeruli,831,476,1006,667
1e2425f28_10032_11066.tiff,242,216,glomeruli,192,403,434,619
1e2425f28_10032_11066.tiff,19,73,glomeruli,987,53,1006,126
1e2425f28_10032_12072.tiff,91,15,glomeruli,738,821,829,836
1e2425f28_10032_12072.tiff,210,137,glomeruli,407,604,617,741
1e2425f28_10032_12072.tiff,3,79,glomeruli,0,527,3,606
1e2425f28_10032_12072.tiff,227,215,glomeruli,729,442,956,657
1e2425f28_10032_12072.tiff,146,176,glomeruli,0,29,146,205
1e2425f28_10032_13078.tiff,275,219,glomeruli,270,141,545,360
1e2425f28_10032_14084.tiff,37,23,glomeruli,969,813,1006,836
1e2425f28_10032_14084.tiff,216,183,glomeruli,175,222,391,405
1e2425f28_10032_14084.tiff,162,90,glomeruli,555,0,717,90
1e2425f28_10032_15090.tiff,158,37,glomeruli,0,799,158,836
1e2425f28_10032_2012.tiff,241,181,glomeruli,509,440,750,621
1e2425f28_10032_2012.tiff,237,195,glomeruli,714,164,951,359
1e2425f28_10032_3018.tiff,215,192,glomeruli,308,293,523,485
1e2425f28_10032_5030.tiff,213,241,glomeruli,659,116,872,357
1e2425f28_10032_6036.tiff,202,217,glomeruli,804,235,1006,452
1e2425f28_10032_7042.tiff,25,182,glomeruli,981,518,1006,700
1e2425f28_10032_7042.tiff,49,174,glomeruli,0,271,49,445
1e2425f28_10032_8048.tiff,208,164,glomeruli,336,672,544,836
1e2425f28_10032_8048.tiff,42,98,glomeruli,964,663,1006,761
1e2425f28_10032_8048.tiff,268,236,glomeruli,0,482,268,718
1e2425f28_10032_9054.tiff,72,107,glomeruli,0,661,72,768
1e2425f28_10868_10060.tiff,187,164,glomeruli,727,390,914,554
1e2425f28_10868_10060.tiff,117,122,glomeruli,0,296,117,418
1e2425f28_10868_10060.tiff,188,144,glomeruli,778,1,966,145
1e2425f28_10868_11066.tiff,203,171,glomeruli,606,442,809,613
1e2425f28_10868_11066.tiff,142,124,glomeruli,395,107,537,231
1e2425f28_10868_12072.tiff,57,113,glomeruli,949,167,1006,280
1e2425f28_10868_12072.tiff,225,184,glomeruli,692,0,917,184
1e2425f28_10868_13078.tiff,161,142,glomeruli,443,205,604,347
1e2425f28_10868_13078.tiff,171,204,glomeruli,0,152,171,356
1e2425f28_10868_14084.tiff,89,185,glomeruli,917,266,1006,451
1e2425f28_10868_14084.tiff,65,172,glomeruli,941,0,1006,172
1e2425f28_10868_15090.tiff,150,203,glomeruli,0,272,150,475
1e2425f28_10868_15090.tiff,184,173,glomeruli,0,0,184,173
1e2425f28_10868_7042.tiff,246,204,glomeruli,708,210,954,414
1e2425f28_10868_7042.tiff,117,127,glomeruli,540,92,657,219
1e2425f28_10868_8048.tiff,213,66,glomeruli,335,0,548,66
1e2425f28_11704_13078.tiff,62,66,glomeruli,396,572,458,638
1e2425f28_12540_15090.tiff,105,89,glomeruli,33,281,138,370
1e2425f28_4180_12072.tiff,142,179,glomeruli,864,497,1006,676
1e2425f28_4180_13078.tiff,211,176,glomeruli,669,660,880,836
1e2425f28_4180_13078.tiff,58,158,glomeruli,0,514,58,672
1e2425f28_4180_13078.tiff,177,137,glomeruli,574,391,751,528
1e2425f28_4180_13078.tiff,168,149,glomeruli,838,281,1006,430
1e2425f28_4180_14084.tiff,161,154,glomeruli,704,473,865,627
1e2425f28_4180_14084.tiff,7,38,glomeruli,0,352,7,390
1e2425f28_4180_14084.tiff,238,210,glomeruli,83,56,321,266
1e2425f28_4180_3018.tiff,233,125,glomeruli,568,711,801,836
1e2425f28_4180_3018.tiff,195,182,glomeruli,523,503,718,685
1e2425f28_4180_3018.tiff,182,249,glomeruli,329,487,511,736
1e2425f28_4180_5030.tiff,43,12,glomeruli,68,824,111,836
1e2425f28_4180_5030.tiff,191,152,glomeruli,754,444,945,596
1e2425f28_5016_1006.tiff,110,190,glomeruli,857,527,967,717
1e2425f28_5016_11066.tiff,187,220,glomeruli,673,616,860,836
1e2425f28_5016_12072.tiff,184,224,glomeruli,523,545,707,769
1e2425f28_5016_12072.tiff,144,179,glomeruli,801,430,945,609
1e2425f28_5016_13078.tiff,192,135,glomeruli,115,701,307,836
1e2425f28_5016_13078.tiff,194,178,glomeruli,699,0,893,178
1e2425f28_5016_14084.tiff,66,73,glomeruli,940,763,1006,836
1e2425f28_5016_14084.tiff,195,211,glomeruli,185,494,380,705
1e2425f28_5016_15090.tiff,141,83,glomeruli,0,753,141,836
1e2425f28_5016_2012.tiff,163,201,glomeruli,25,334,188,535
1e2425f28_5016_3018.tiff,193,213,glomeruli,221,337,414,550
1e2425f28_5016_3018.tiff,225,87,glomeruli,561,0,786,87
1e2425f28_5016_4024.tiff,169,183,glomeruli,727,532,896,715
1e2425f28_5016_5030.tiff,231,122,glomeruli,450,714,681,836
1e2425f28_5016_5030.tiff,236,205,glomeruli,556,73,792,278
1e2425f28_5016_5030.tiff,141,145,glomeruli,15,0,156,145
1e2425f28_5016_6036.tiff,169,99,glomeruli,11,737,180,836
1e2425f28_5016_6036.tiff,172,165,glomeruli,56,184,228,349
1e2425f28_5016_6036.tiff,146,148,glomeruli,573,129,719,277
1e2425f28_5016_7042.tiff,226,120,glomeruli,541,716,767,836
1e2425f28_5016_7042.tiff,146,133,glomeruli,762,364,908,497
1e2425f28_5016_8048.tiff,237,127,glomeruli,666,709,903,836
1e2425f28_5016_8048.tiff,253,146,glomeruli,371,399,624,545
1e2425f28_5016_9054.tiff,149,41,glomeruli,470,795,619,836
1e2425f28_5016_9054.tiff,185,185,glomeruli,743,599,928,784
1e2425f28_5016_9054.tiff,204,227,glomeruli,482,527,686,754
1e2425f28_5852_1006.tiff,180,218,glomeruli,702,557,882,775
1e2425f28_5852_10060.tiff,210,221,glomeruli,534,494,744,715
1e2425f28_5852_11066.tiff,92,30,glomeruli,698,0,790,30
1e2425f28_5852_12072.tiff,189,241,glomeruli,396,557,585,798
1e2425f28_5852_13078.tiff,136,28,glomeruli,145,0,281,28
1e2425f28_5852_14084.tiff,241,209,glomeruli,240,101,481,310
1e2425f28_5852_14084.tiff,74,92,glomeruli,932,0,1006,92
1e2425f28_5852_15090.tiff,169,122,glomeruli,0,0,169,122
1e2425f28_5852_2012.tiff,147,200,glomeruli,136,188,283,388
1e2425f28_5852_3018.tiff,230,110,glomeruli,255,726,485,836
1e2425f28_5852_4024.tiff,159,167,glomeruli,847,296,1006,463
1e2425f28_5852_5030.tiff,273,195,glomeruli,552,484,825,679
1e2425f28_5852_5030.tiff,53,150,glomeruli,0,306,53,456
1e2425f28_5852_5030.tiff,7,64,glomeruli,999,35,1006,99
1e2425f28_5852_5030.tiff,222,99,glomeruli,454,0,676,99
1e2425f28_5852_6036.tiff,147,162,glomeruli,521,351,668,513
1e2425f28_5852_6036.tiff,169,130,glomeruli,0,0,169,130
1e2425f28_5852_7042.tiff,150,170,glomeruli,856,638,1006,808
1e2425f28_5852_7042.tiff,254,191,glomeruli,118,381,372,572
1e2425f28_5852_7042.tiff,253,233,glomeruli,345,301,598,534
1e2425f28_5852_7042.tiff,212,52,glomeruli,555,0,767,52
1e2425f28_5852_8048.tiff,48,121,glomeruli,0,659,48,780
1e2425f28_5852_8048.tiff,198,83,glomeruli,667,0,865,83
1e2425f28_5852_9054.tiff,189,188,glomeruli,645,520,834,708
1e2425f28_5852_9054.tiff,101,85,glomeruli,122,175,223,260
1e2425f28_5852_9054.tiff,220,221,glomeruli,413,0,633,221
1e2425f28_6688_1006.tiff,143,45,glomeruli,297,791,440,836
1e2425f28_6688_1006.tiff,118,174,glomeruli,888,405,1006,579
1e2425f28_6688_10060.tiff,92,22,glomeruli,898,814,990,836
1e2425f28_6688_10060.tiff,143,173,glomeruli,8,509,151,682
1e2425f28_6688_10060.tiff,138,145,glomeruli,541,323,679,468
1e2425f28_6688_11066.tiff,146,164,glomeruli,421,624,567,788
1e2425f28_6688_11066.tiff,179,200,glomeruli,691,344,870,544
1e2425f28_6688_12072.tiff,140,67,glomeruli,472,769,612,836
1e2425f28_6688_12072.tiff,221,234,glomeruli,250,394,471,628
1e2425f28_6688_12072.tiff,207,212,glomeruli,711,372,918,584
1e2425f28_6688_13078.tiff,174,46,glomeruli,697,790,871,836
1e2425f28_6688_13078.tiff,249,312,glomeruli,613,88,862,400
1e2425f28_6688_14084.tiff,216,231,glomeruli,52,24,268,255
1e2425f28_6688_2012.tiff,192,153,glomeruli,695,683,887,836
1e2425f28_6688_2012.tiff,186,159,glomeruli,357,677,543,836
1e2425f28_6688_2012.tiff,17,86,glomeruli,989,642,1006,728
1e2425f28_6688_2012.tiff,55,149,glomeruli,0,405,55,554
1e2425f28_6688_2012.tiff,176,206,glomeruli,412,313,588,519
1e2425f28_6688_2012.tiff,159,199,glomeruli,90,150,249,349
1e2425f28_6688_3018.tiff,162,157,glomeruli,238,665,400,822
1e2425f28_6688_3018.tiff,189,174,glomeruli,0,592,189,766
1e2425f28_6688_3018.tiff,25,190,glomeruli,981,418,1006,608
1e2425f28_6688_3018.tiff,225,47,glomeruli,256,0,481,47
1e2425f28_6688_4024.tiff,178,175,glomeruli,236,446,414,621
1e2425f28_6688_4024.tiff,149,124,glomeruli,441,399,590,523
1e2425f28_6688_4024.tiff,133,228,glomeruli,0,381,133,609
1e2425f28_6688_4024.tiff,178,120,glomeruli,766,365,944,485
1e2425f28_6688_5030.tiff,127,45,glomeruli,794,791,921,836
1e2425f28_6688_5030.tiff,5,56,glomeruli,1001,701,1006,757
1e2425f28_6688_5030.tiff,172,159,glomeruli,299,637,471,796
1e2425f28_6688_5030.tiff,228,223,glomeruli,386,107,614,330
1e2425f28_6688_5030.tiff,236,193,glomeruli,97,45,333,238
1e2425f28_6688_6036.tiff,245,235,glomeruli,0,576,245,811
1e2425f28_6688_6036.tiff,227,195,glomeruli,305,346,532,541
1e2425f28_6688_7042.tiff,94,24,glomeruli,145,812,239,836
1e2425f28_6688_8048.tiff,193,76,glomeruli,530,760,723,836
1e2425f28_6688_9054.tiff,133,160,glomeruli,46,91,179,251
1e2425f28_7524_1006.tiff,150,194,glomeruli,804,251,954,445
1e2425f28_7524_1006.tiff,185,196,glomeruli,283,0,468,196
1e2425f28_7524_10060.tiff,151,181,glomeruli,855,0,1006,181
1e2425f28_7524_11066.tiff,60,94,glomeruli,946,592,1006,686
1e2425f28_7524_11066.tiff,34,132,glomeruli,0,19,34,151
1e2425f28_7524_12072.tiff,115,44,glomeruli,736,792,851,836
1e2425f28_7524_12072.tiff,195,199,glomeruli,210,594,405,793
1e2425f28_7524_12072.tiff,113,120,glomeruli,0,582,113,702
1e2425f28_7524_12072.tiff,106,106,glomeruli,740,113,846,219
1e2425f28_7524_12072.tiff,156,152,glomeruli,468,0,624,152
1e2425f28_7524_13078.tiff,108,29,glomeruli,126,807,234,836
1e2425f28_7524_13078.tiff,232,160,glomeruli,646,0,878,160
1e2425f28_7524_14084.tiff,88,14,glomeruli,23,822,111,836
1e2425f28_7524_14084.tiff,163,155,glomeruli,74,599,237,754
1e2425f28_7524_15090.tiff,179,200,glomeruli,400,184,579,384
1e2425f28_7524_2012.tiff,203,59,glomeruli,76,777,279,836
1e2425f28_7524_2012.tiff,185,230,glomeruli,795,437,980,667
1e2425f28_7524_2012.tiff,188,206,glomeruli,190,333,378,539
1e2425f28_7524_2012.tiff,208,198,glomeruli,457,313,665,511
1e2425f28_7524_2012.tiff,128,28,glomeruli,743,0,871,28
1e2425f28_7524_2012.tiff,119,33,glomeruli,389,0,508,33
1e2425f28_7524_3018.tiff,189,121,glomeruli,803,239,992,360
1e2425f28_7524_4024.tiff,192,61,glomeruli,621,775,813,836
1e2425f28_7524_4024.tiff,173,198,glomeruli,692,320,865,518
1e2425f28_7524_4024.tiff,105,115,glomeruli,108,258,213,373
1e2425f28_7524_5030.tiff,171,150,glomeruli,588,579,759,729
1e2425f28_7524_5030.tiff,237,201,glomeruli,723,275,960,476
1e2425f28_7524_5030.tiff,166,128,glomeruli,770,0,936,128
1e2425f28_7524_6036.tiff,21,115,glomeruli,985,721,1006,836
1e2425f28_7524_6036.tiff,195,182,glomeruli,444,637,639,819
1e2425f28_7524_6036.tiff,215,215,glomeruli,521,132,736,347
1e2425f28_7524_7042.tiff,195,159,glomeruli,0,677,195,836
1e2425f28_7524_7042.tiff,209,213,glomeruli,551,35,760,248
1e2425f28_7524_7042.tiff,217,193,glomeruli,121,0,338,193
1e2425f28_7524_8048.tiff,109,206,glomeruli,897,372,1006,578
1e2425f28_7524_8048.tiff,201,138,glomeruli,530,0,731,138
1e2425f28_7524_9054.tiff,138,194,glomeruli,0,374,138,568
1e2425f28_7524_9054.tiff,148,200,glomeruli,181,309,329,509
1e2425f28_7524_9054.tiff,114,165,glomeruli,86,81,200,246
1e2425f28_8360_0.tiff,83,163,glomeruli,923,169,1006,332
1e2425f28_8360_1006.tiff,102,205,glomeruli,904,492,1006,697
1e2425f28_8360_1006.tiff,78,166,glomeruli,0,166,78,332
1e2425f28_8360_10060.tiff,243,219,glomeruli,344,512,587,731
1e2425f28_8360_11066.tiff,152,30,glomeruli,248,806,400,836
1e2425f28_8360_11066.tiff,145,63,glomeruli,861,773,1006,836
1e2425f28_8360_12072.tiff,15,20,glomeruli,0,816,15,836
1e2425f28_8360_12072.tiff,163,167,glomeruli,842,618,1005,785
1e2425f28_8360_12072.tiff,153,110,glomeruli,730,0,883,110
1e2425f28_8360_13078.tiff,17,99,glomeruli,989,23,1006,122
1e2425f28_8360_13078.tiff,124,62,glomeruli,122,0,246,62
1e2425f28_8360_14084.tiff,217,208,glomeruli,209,372,426,580
1e2425f28_8360_14084.tiff,86,229,glomeruli,920,212,1006,441
1e2425f28_8360_14084.tiff,139,143,glomeruli,0,0,139,143
1e2425f28_8360_15090.tiff,124,247,glomeruli,0,202,124,449
1e2425f28_8360_2012.tiff,151,118,glomeruli,422,584,573,702
1e2425f28_8360_2012.tiff,49,180,glomeruli,0,498,49,678
1e2425f28_8360_2012.tiff,219,220,glomeruli,786,85,1005,305
1e2425f28_8360_2012.tiff,238,146,glomeruli,62,0,300,146
1e2425f28_8360_3018.tiff,206,146,glomeruli,424,474,630,620
1e2425f28_8360_3018.tiff,217,220,glomeruli,54,40,271,260
1e2425f28_8360_4024.tiff,204,116,glomeruli,618,0,822,116
1e2425f28_8360_5030.tiff,198,84,glomeruli,613,752,811,836
1e2425f28_8360_5030.tiff,216,130,glomeruli,75,706,291,836
1e2425f28_8360_5030.tiff,221,220,glomeruli,504,297,725,517
1e2425f28_8360_5030.tiff,83,159,glomeruli,923,134,1006,293
1e2425f28_8360_6036.tiff,3,21,glomeruli,1003,765,1006,786
1e2425f28_8360_6036.tiff,92,165,glomeruli,0,131,92,296
1e2425f28_8360_6036.tiff,4,6,glomeruli,1002,0,1006,6
1e2425f28_8360_7042.tiff,136,147,glomeruli,0,671,136,818
1e2425f28_8360_7042.tiff,174,189,glomeruli,832,46,1006,235
1e2425f28_8360_7042.tiff,189,43,glomeruli,0,0,189,43
1e2425f28_8360_8048.tiff,207,81,glomeruli,625,755,832,836
1e2425f28_8360_8048.tiff,228,241,glomeruli,667,209,895,450
1e2425f28_8360_8048.tiff,63,163,glomeruli,0,56,63,219
1e2425f28_8360_9054.tiff,129,132,glomeruli,232,495,361,627
1e2425f28_9196_10060.tiff,46,170,glomeruli,0,448,46,618
1e2425f28_9196_10060.tiff,212,213,glomeruli,303,118,515,331
1e2425f28_9196_10060.tiff,25,126,glomeruli,981,57,1006,183
1e2425f28_9196_11066.tiff,172,212,glomeruli,5,417,177,629
1e2425f28_9196_11066.tiff,220,213,glomeruli,0,10,220,223
1e2425f28_9196_11066.tiff,149,97,glomeruli,857,0,1006,97
1e2425f28_9196_11066.tiff,184,128,glomeruli,239,0,423,128
1e2425f28_9196_12072.tiff,25,54,glomeruli,0,0,25,54
1e2425f28_9196_13078.tiff,122,124,glomeruli,523,636,645,760
1e2425f28_9196_13078.tiff,193,215,glomeruli,813,42,1006,257
1e2425f28_9196_14084.tiff,204,170,glomeruli,555,666,759,836
1e2425f28_9196_14084.tiff,72,154,glomeruli,0,48,72,202
1e2425f28_9196_15090.tiff,222,225,glomeruli,376,410,598,635
1e2425f28_9196_2012.tiff,159,197,glomeruli,660,32,819,229
1e2425f28_9196_3018.tiff,217,160,glomeruli,231,466,448,626
1e2425f28_9196_3018.tiff,169,139,glomeruli,769,192,938,331
1e2425f28_9196_3018.tiff,246,188,glomeruli,424,94,670,282
1e2425f28_9196_5030.tiff,257,223,glomeruli,339,332,596,555
1e2425f28_9196_5030.tiff,109,126,glomeruli,783,263,892,389
1e2425f28_9196_5030.tiff,197,54,glomeruli,612,0,809,54
1e2425f28_9196_5030.tiff,188,73,glomeruli,86,0,274,73
1e2425f28_9196_6036.tiff,220,148,glomeruli,526,653,746,801
1e2425f28_9196_6036.tiff,255,175,glomeruli,74,306,329,481
1e2425f28_9196_6036.tiff,101,157,glomeruli,905,145,1006,302
1e2425f28_9196_7042.tiff,185,132,glomeruli,447,667,632,799
1e2425f28_9196_7042.tiff,134,161,glomeruli,0,141,134,302
1e2425f28_9196_7042.tiff,149,130,glomeruli,772,92,921,222
1e2425f28_9196_8048.tiff,201,207,glomeruli,76,434,277,641
1e2425f28_9196_8048.tiff,208,77,glomeruli,629,0,837,77
1e2425f28_9196_9054.tiff,186,206,glomeruli,169,443,355,649
1e2425f28_9196_9054.tiff,162,237,glomeruli,844,437,1006,674
1e2425f28_9196_9054.tiff,179,120,glomeruli,742,101,921,221
1e2425f28_9196_9054.tiff,208,148,glomeruli,241,23,449,171
2f6ecfcdf_10248_10075.tiff,151,124,glomeruli,0,181,151,305
2f6ecfcdf_10248_6045.tiff,114,102,glomeruli,565,177,679,279
2f6ecfcdf_10248_6448.tiff,114,102,glomeruli,162,177,276,279
2f6ecfcdf_10248_6448.tiff,90,30,glomeruli,583,0,673,30
2f6ecfcdf_10248_6851.tiff,141,45,glomeruli,574,0,715,45
2f6ecfcdf_10248_6851.tiff,90,30,glomeruli,180,0,270,30
2f6ecfcdf_10248_7254.tiff,118,51,glomeruli,688,437,806,488
2f6ecfcdf_10248_7254.tiff,96,45,glomeruli,683,0,779,45
2f6ecfcdf_10248_7254.tiff,141,45,glomeruli,171,0,312,45
2f6ecfcdf_10248_7657.tiff,146,51,glomeruli,285,437,431,488
2f6ecfcdf_10248_7657.tiff,96,45,glomeruli,280,0,376,45
2f6ecfcdf_10248_8060.tiff,28,33,glomeruli,0,455,28,488
2f6ecfcdf_10248_8463.tiff,76,90,glomeruli,730,398,806,488
2f6ecfcdf_10248_8866.tiff,167,90,glomeruli,327,398,494,488
2f6ecfcdf_10248_8866.tiff,138,138,glomeruli,610,120,748,258
2f6ecfcdf_10248_9269.tiff,91,89,glomeruli,0,399,91,488
2f6ecfcdf_10248_9269.tiff,102,110,glomeruli,622,351,724,461
2f6ecfcdf_10248_9269.tiff,14,55,glomeruli,792,219,806,274
2f6ecfcdf_10248_9269.tiff,101,87,glomeruli,652,151,753,238
2f6ecfcdf_10248_9269.tiff,138,138,glomeruli,207,120,345,258
2f6ecfcdf_10248_9672.tiff,102,110,glomeruli,219,351,321,461
2f6ecfcdf_10248_9672.tiff,165,124,glomeruli,389,181,554,305
2f6ecfcdf_10248_9672.tiff,101,87,glomeruli,249,151,350,238
2f6ecfcdf_10736_10075.tiff,142,151,glomeruli,144,315,286,466
2f6ecfcdf_10736_10075.tiff,87,85,glomeruli,0,113,87,198
2f6ecfcdf_10736_10075.tiff,114,98,glomeruli,119,1,233,99
2f6ecfcdf_10736_5239.tiff,104,93,glomeruli,645,368,749,461
2f6ecfcdf_10736_5642.tiff,104,93,glomeruli,242,368,346,461
2f6ecfcdf_10736_5642.tiff,156,125,glomeruli,576,216,732,341
2f6ecfcdf_10736_6045.tiff,42,111,glomeruli,764,315,806,426
2f6ecfcdf_10736_6045.tiff,156,125,glomeruli,173,216,329,341
2f6ecfcdf_10736_6448.tiff,111,32,glomeruli,692,456,803,488
2f6ecfcdf_10736_6448.tiff,97,117,glomeruli,361,312,458,429
2f6ecfcdf_10736_6448.tiff,77,70,glomeruli,575,154,652,224
2f6ecfcdf_10736_6851.tiff,111,32,glomeruli,289,456,400,488
2f6ecfcdf_10736_6851.tiff,55,117,glomeruli,0,312,55,429
2f6ecfcdf_10736_6851.tiff,77,70,glomeruli,172,154,249,224
2f6ecfcdf_10736_6851.tiff,94,136,glomeruli,712,2,806,138
2f6ecfcdf_10736_7254.tiff,97,52,glomeruli,502,436,599,488
2f6ecfcdf_10736_7254.tiff,188,148,glomeruli,309,2,497,150
2f6ecfcdf_10736_7254.tiff,121,96,glomeruli,685,0,806,96
2f6ecfcdf_10736_7657.tiff,97,52,glomeruli,99,436,196,488
2f6ecfcdf_10736_7657.tiff,123,144,glomeruli,683,242,806,386
2f6ecfcdf_10736_7657.tiff,94,148,glomeruli,0,2,94,150
2f6ecfcdf_10736_7657.tiff,153,96,glomeruli,282,0,435,96
2f6ecfcdf_10736_8060.tiff,169,139,glomeruli,612,331,781,470
2f6ecfcdf_10736_8060.tiff,147,144,glomeruli,280,242,427,386
2f6ecfcdf_10736_8060.tiff,157,186,glomeruli,478,94,635,280
2f6ecfcdf_10736_8060.tiff,32,79,glomeruli,0,0,32,79
2f6ecfcdf_10736_8463.tiff,169,139,glomeruli,209,331,378,470
2f6ecfcdf_10736_8463.tiff,24,97,glomeruli,0,285,24,382
2f6ecfcdf_10736_8463.tiff,91,95,glomeruli,559,192,650,287
2f6ecfcdf_10736_8463.tiff,157,186,glomeruli,75,94,232,280
2f6ecfcdf_10736_8463.tiff,69,40,glomeruli,737,0,806,40
2f6ecfcdf_10736_8866.tiff,143,43,glomeruli,453,445,596,488
2f6ecfcdf_10736_8866.tiff,182,131,glomeruli,470,199,652,330
2f6ecfcdf_10736_8866.tiff,91,95,glomeruli,156,192,247,287
2f6ecfcdf_10736_8866.tiff,150,40,glomeruli,334,0,484,40
2f6ecfcdf_10736_9269.tiff,143,43,glomeruli,50,445,193,488
2f6ecfcdf_10736_9269.tiff,81,92,glomeruli,720,244,801,336
2f6ecfcdf_10736_9269.tiff,182,131,glomeruli,67,199,249,330
2f6ecfcdf_10736_9269.tiff,22,63,glomeruli,784,123,806,186
2f6ecfcdf_10736_9269.tiff,81,36,glomeruli,0,0,81,36
2f6ecfcdf_10736_9672.tiff,142,151,glomeruli,547,315,689,466
2f6ecfcdf_10736_9672.tiff,81,92,glomeruli,317,244,398,336
2f6ecfcdf_10736_9672.tiff,109,85,glomeruli,381,113,490,198
2f6ecfcdf_10736_9672.tiff,114,98,glomeruli,522,1,636,99
2f6ecfcdf_11224_10075.tiff,129,74,glomeruli,0,414,129,488
2f6ecfcdf_11224_5642.tiff,99,99,glomeruli,513,299,612,398
2f6ecfcdf_11224_5642.tiff,126,83,glomeruli,679,184,805,267
2f6ecfcdf_11224_6045.tiff,99,99,glomeruli,110,299,209,398
2f6ecfcdf_11224_6045.tiff,126,83,glomeruli,276,184,402,267
2f6ecfcdf_11224_6448.tiff,123,91,glomeruli,683,0,806,91
2f6ecfcdf_11224_6851.tiff,130,113,glomeruli,419,330,549,443
2f6ecfcdf_11224_6851.tiff,139,91,glomeruli,280,0,419,91
2f6ecfcdf_11224_7254.tiff,130,113,glomeruli,16,330,146,443
2f6ecfcdf_11224_7254.tiff,86,97,glomeruli,633,147,719,244
2f6ecfcdf_11224_7254.tiff,4,43,glomeruli,802,87,806,130
2f6ecfcdf_11224_7254.tiff,16,69,glomeruli,0,2,16,71
2f6ecfcdf_11224_7254.tiff,96,50,glomeruli,502,0,598,50
2f6ecfcdf_11224_7657.tiff,86,97,glomeruli,230,147,316,244
2f6ecfcdf_11224_7657.tiff,133,157,glomeruli,399,36,532,193
2f6ecfcdf_11224_7657.tiff,96,50,glomeruli,99,0,195,50
2f6ecfcdf_11224_8060.tiff,129,157,glomeruli,0,36,129,193
2f6ecfcdf_11224_8463.tiff,152,133,glomeruli,443,212,595,345
2f6ecfcdf_11224_8866.tiff,152,133,glomeruli,40,212,192,345
2f6ecfcdf_11224_8866.tiff,126,104,glomeruli,617,9,743,113
2f6ecfcdf_11224_8866.tiff,143,106,glomeruli,453,0,596,106
2f6ecfcdf_11224_9269.tiff,8,50,glomeruli,798,438,806,488
2f6ecfcdf_11224_9269.tiff,102,129,glomeruli,536,21,638,150
2f6ecfcdf_11224_9269.tiff,126,104,glomeruli,214,9,340,113
2f6ecfcdf_11224_9269.tiff,143,106,glomeruli,50,0,193,106
2f6ecfcdf_11224_9672.tiff,137,74,glomeruli,395,414,532,488
2f6ecfcdf_11224_9672.tiff,102,129,glomeruli,133,21,235,150
2f6ecfcdf_11712_10075.tiff,140,94,glomeruli,0,0,140,94
2f6ecfcdf_11712_6045.tiff,119,129,glomeruli,524,161,643,290
2f6ecfcdf_11712_6448.tiff,119,129,glomeruli,121,161,240,290
2f6ecfcdf_11712_6448.tiff,147,126,glomeruli,408,66,555,192
2f6ecfcdf_11712_6851.tiff,147,126,glomeruli,5,66,152,192
2f6ecfcdf_11712_7254.tiff,110,98,glomeruli,696,390,806,488
2f6ecfcdf_11712_7657.tiff,157,98,glomeruli,293,390,450,488
2f6ecfcdf_11712_7657.tiff,135,137,glomeruli,634,146,769,283
2f6ecfcdf_11712_8060.tiff,47,81,glomeruli,0,407,47,488
2f6ecfcdf_11712_8060.tiff,130,130,glomeruli,676,326,806,456
2f6ecfcdf_11712_8060.tiff,135,137,glomeruli,231,146,366,283
2f6ecfcdf_11712_8060.tiff,27,101,glomeruli,779,121,806,222
2f6ecfcdf_11712_8463.tiff,143,130,glomeruli,273,326,416,456
2f6ecfcdf_11712_8463.tiff,180,144,glomeruli,376,107,556,251
2f6ecfcdf_11712_8866.tiff,13,86,glomeruli,0,343,13,429
2f6ecfcdf_11712_8866.tiff,153,144,glomeruli,0,107,153,251
2f6ecfcdf_11712_9269.tiff,5,33,glomeruli,801,0,806,33
2f6ecfcdf_11712_9672.tiff,145,94,glomeruli,398,0,543,94
2f6ecfcdf_12200_6448.tiff,113,113,glomeruli,656,80,769,193
2f6ecfcdf_12200_6851.tiff,113,113,glomeruli,253,80,366,193
2f6ecfcdf_12200_6851.tiff,139,114,glomeruli,585,56,724,170
2f6ecfcdf_12200_7254.tiff,139,114,glomeruli,182,56,321,170
2f6ecfcdf_12200_7254.tiff,95,21,glomeruli,711,0,806,21
2f6ecfcdf_12200_7657.tiff,107,21,glomeruli,308,0,415,21
2f6ecfcdf_12200_8060.tiff,12,8,glomeruli,0,0,12,8
2f6ecfcdf_12200_8463.tiff,149,75,glomeruli,491,413,640,488
2f6ecfcdf_12200_8866.tiff,149,75,glomeruli,88,413,237,488
2f6ecfcdf_12200_8866.tiff,148,143,glomeruli,440,5,588,148
2f6ecfcdf_12200_9269.tiff,148,143,glomeruli,37,5,185,148
2f6ecfcdf_12688_6851.tiff,89,96,glomeruli,717,392,806,488
2f6ecfcdf_12688_7254.tiff,95,96,glomeruli,314,392,409,488
2f6ecfcdf_12688_7254.tiff,68,96,glomeruli,738,42,806,138
2f6ecfcdf_12688_7657.tiff,6,41,glomeruli,0,441,6,482
2f6ecfcdf_12688_7657.tiff,143,104,glomeruli,458,369,601,473
2f6ecfcdf_12688_7657.tiff,113,103,glomeruli,588,120,701,223
2f6ecfcdf_12688_7657.tiff,148,97,glomeruli,335,42,483,139
2f6ecfcdf_12688_8060.tiff,69,66,glomeruli,737,422,806,488
2f6ecfcdf_12688_8060.tiff,143,104,glomeruli,55,369,198,473
2f6ecfcdf_12688_8060.tiff,123,106,glomeruli,481,363,604,469
2f6ecfcdf_12688_8060.tiff,8,86,glomeruli,798,184,806,270
2f6ecfcdf_12688_8060.tiff,113,103,glomeruli,185,120,298,223
2f6ecfcdf_12688_8060.tiff,80,96,glomeruli,0,43,80,139
2f6ecfcdf_12688_8463.tiff,98,66,glomeruli,334,422,432,488
2f6ecfcdf_12688_8463.tiff,123,106,glomeruli,78,363,201,469
2f6ecfcdf_12688_8463.tiff,208,194,glomeruli,395,146,603,340
2f6ecfcdf_12688_8463.tiff,151,83,glomeruli,489,0,640,83
2f6ecfcdf_12688_8866.tiff,29,66,glomeruli,0,422,29,488
2f6ecfcdf_12688_8866.tiff,200,194,glomeruli,0,146,200,340
2f6ecfcdf_12688_8866.tiff,151,83,glomeruli,86,0,237,83
2f6ecfcdf_13176_6851.tiff,56,12,glomeruli,738,0,794,12
2f6ecfcdf_13176_7254.tiff,56,12,glomeruli,335,0,391,12
2f6ecfcdf_13176_7657.tiff,88,91,glomeruli,631,385,719,476
2f6ecfcdf_13176_7657.tiff,115,146,glomeruli,606,72,721,218
2f6ecfcdf_13176_8060.tiff,88,91,glomeruli,228,385,316,476
2f6ecfcdf_13176_8060.tiff,115,146,glomeruli,203,72,318,218
2f6ecfcdf_13176_8060.tiff,68,183,glomeruli,738,0,806,183
2f6ecfcdf_13176_8463.tiff,99,167,glomeruli,707,283,806,450
2f6ecfcdf_13176_8463.tiff,113,183,glomeruli,335,0,448,183
2f6ecfcdf_13176_8866.tiff,149,167,glomeruli,304,283,453,450
2f6ecfcdf_13176_8866.tiff,45,160,glomeruli,0,19,45,179
2f6ecfcdf_13176_8866.tiff,21,20,glomeruli,0,0,21,20
2f6ecfcdf_13176_9269.tiff,50,151,glomeruli,0,292,50,443
2f6ecfcdf_13664_8060.tiff,108,111,glomeruli,588,377,696,488
2f6ecfcdf_13664_8463.tiff,108,111,glomeruli,185,377,293,488
2f6ecfcdf_13664_8463.tiff,141,107,glomeruli,569,68,710,175
2f6ecfcdf_13664_8866.tiff,141,107,glomeruli,166,68,307,175
2f6ecfcdf_14152_8060.tiff,77,13,glomeruli,613,0,690,13
2f6ecfcdf_14152_8463.tiff,172,174,glomeruli,428,124,600,298
2f6ecfcdf_14152_8463.tiff,77,13,glomeruli,210,0,287,13
2f6ecfcdf_14152_8866.tiff,172,174,glomeruli,25,124,197,298
2f6ecfcdf_1952_4433.tiff,61,138,glomeruli,745,241,806,379
2f6ecfcdf_1952_4836.tiff,92,140,glomeruli,342,239,434,379
2f6ecfcdf_1952_5239.tiff,144,156,glomeruli,647,323,791,479
2f6ecfcdf_1952_5239.tiff,31,117,glomeruli,0,239,31,356
2f6ecfcdf_1952_5239.tiff,49,125,glomeruli,757,113,806,238
2f6ecfcdf_1952_5642.tiff,144,156,glomeruli,244,323,388,479
2f6ecfcdf_1952_5642.tiff,179,136,glomeruli,354,112,533,248
2f6ecfcdf_1952_6045.tiff,130,136,glomeruli,0,112,130,248
2f6ecfcdf_1952_6851.tiff,124,70,glomeruli,655,418,779,488
2f6ecfcdf_1952_7254.tiff,124,70,glomeruli,252,418,376,488
2f6ecfcdf_2440_4836.tiff,92,107,glomeruli,650,157,742,264
2f6ecfcdf_2440_4836.tiff,136,161,glomeruli,559,5,695,166
2f6ecfcdf_2440_5239.tiff,45,111,glomeruli,761,296,806,407
2f6ecfcdf_2440_5239.tiff,92,107,glomeruli,247,157,339,264
2f6ecfcdf_2440_5239.tiff,136,161,glomeruli,156,5,292,166
2f6ecfcdf_2440_5642.tiff,147,143,glomeruli,358,264,505,407
2f6ecfcdf_2440_6045.tiff,102,136,glomeruli,0,264,102,400
2f6ecfcdf_2440_6851.tiff,135,142,glomeruli,423,29,558,171
2f6ecfcdf_2440_6851.tiff,128,40,glomeruli,652,0,780,40
2f6ecfcdf_2440_7254.tiff,135,142,glomeruli,20,29,155,171
2f6ecfcdf_2440_7254.tiff,128,40,glomeruli,249,0,377,40
2f6ecfcdf_2440_7657.tiff,165,145,glomeruli,629,78,794,223
2f6ecfcdf_2440_8060.tiff,165,145,glomeruli,226,78,391,223
2f6ecfcdf_2928_5239.tiff,128,140,glomeruli,678,348,806,488
2f6ecfcdf_2928_5642.tiff,176,140,glomeruli,275,348,451,488
2f6ecfcdf_2928_6045.tiff,48,113,glomeruli,0,375,48,488
2f6ecfcdf_2928_6045.tiff,118,125,glomeruli,485,16,603,141
2f6ecfcdf_2928_6448.tiff,176,156,glomeruli,580,39,756,195
2f6ecfcdf_2928_6448.tiff,118,125,glomeruli,82,16,200,141
2f6ecfcdf_2928_6851.tiff,176,156,glomeruli,177,39,353,195
2f6ecfcdf_2928_7657.tiff,157,111,glomeruli,539,332,696,443
2f6ecfcdf_2928_8060.tiff,101,25,glomeruli,520,463,621,488
2f6ecfcdf_2928_8060.tiff,157,111,glomeruli,136,332,293,443
2f6ecfcdf_2928_8060.tiff,65,113,glomeruli,741,33,806,146
2f6ecfcdf_2928_8463.tiff,101,25,glomeruli,117,463,218,488
2f6ecfcdf_2928_8463.tiff,127,89,glomeruli,534,399,661,488
2f6ecfcdf_2928_8463.tiff,121,93,glomeruli,685,156,806,249
2f6ecfcdf_2928_8463.tiff,80,113,glomeruli,338,33,418,146
2f6ecfcdf_2928_8866.tiff,127,89,glomeruli,131,399,258,488
2f6ecfcdf_2928_8866.tiff,156,93,glomeruli,282,156,438,249
2f6ecfcdf_2928_8866.tiff,15,107,glomeruli,0,34,15,141
2f6ecfcdf_2928_9269.tiff,35,67,glomeruli,0,182,35,249
2f6ecfcdf_3416_4030.tiff,103,181,glomeruli,703,15,806,196
2f6ecfcdf_3416_4433.tiff,123,152,glomeruli,464,303,587,455
2f6ecfcdf_3416_4433.tiff,79,160,glomeruli,727,77,806,237
2f6ecfcdf_3416_4433.tiff,125,181,glomeruli,300,15,425,196
2f6ecfcdf_3416_4836.tiff,89,21,glomeruli,446,467,535,488
2f6ecfcdf_3416_4836.tiff,123,152,glomeruli,61,303,184,455
2f6ecfcdf_3416_4836.tiff,121,160,glomeruli,324,77,445,237
2f6ecfcdf_3416_4836.tiff,22,128,glomeruli,0,33,22,161
2f6ecfcdf_3416_5239.tiff,89,21,glomeruli,43,467,132,488
2f6ecfcdf_3416_5239.tiff,42,151,glomeruli,0,80,42,231
2f6ecfcdf_3416_5239.tiff,67,4,glomeruli,739,0,806,4
2f6ecfcdf_3416_5642.tiff,90,20,glomeruli,530,468,620,488
2f6ecfcdf_3416_5642.tiff,74,4,glomeruli,336,0,410,4
2f6ecfcdf_3416_6045.tiff,90,20,glomeruli,127,468,217,488
2f6ecfcdf_3416_6045.tiff,74,84,glomeruli,525,360,599,444
2f6ecfcdf_3416_6045.tiff,81,126,glomeruli,725,343,806,469
2f6ecfcdf_3416_6045.tiff,136,146,glomeruli,590,21,726,167
2f6ecfcdf_3416_6045.tiff,7,3,glomeruli,0,0,7,3
2f6ecfcdf_3416_6448.tiff,74,84,glomeruli,122,360,196,444
2f6ecfcdf_3416_6448.tiff,138,126,glomeruli,322,343,460,469
2f6ecfcdf_3416_6448.tiff,136,146,glomeruli,187,21,323,167
2f6ecfcdf_3416_6851.tiff,72,102,glomeruli,588,382,660,484
2f6ecfcdf_3416_6851.tiff,57,118,glomeruli,0,349,57,467
2f6ecfcdf_3416_7254.tiff,72,102,glomeruli,185,382,257,484
2f6ecfcdf_3416_8060.tiff,115,126,glomeruli,504,0,619,126
2f6ecfcdf_3416_8463.tiff,209,253,glomeruli,500,97,709,350
2f6ecfcdf_3416_8463.tiff,113,49,glomeruli,547,0,660,49
2f6ecfcdf_3416_8463.tiff,115,126,glomeruli,101,0,216,126
2f6ecfcdf_3416_8866.tiff,127,64,glomeruli,679,424,806,488
2f6ecfcdf_3416_8866.tiff,209,253,glomeruli,97,97,306,350
2f6ecfcdf_3416_8866.tiff,113,49,glomeruli,144,0,257,49
2f6ecfcdf_3416_9269.tiff,128,64,glomeruli,276,424,404,488
2f6ecfcdf_3416_9269.tiff,106,103,glomeruli,430,265,536,368
2f6ecfcdf_3416_9672.tiff,1,3,glomeruli,0,466,1,469
2f6ecfcdf_3416_9672.tiff,106,103,glomeruli,27,265,133,368
2f6ecfcdf_3904_10075.tiff,65,119,glomeruli,0,106,65,225
2f6ecfcdf_3904_4433.tiff,111,147,glomeruli,677,26,788,173
2f6ecfcdf_3904_4836.tiff,111,147,glomeruli,274,26,385,173
2f6ecfcdf_3904_4836.tiff,133,88,glomeruli,425,0,558,88
2f6ecfcdf_3904_5239.tiff,133,88,glomeruli,22,0,155,88
2f6ecfcdf_3904_5642.tiff,85,91,glomeruli,603,355,688,446
2f6ecfcdf_3904_5642.tiff,149,139,glomeruli,509,0,658,139
2f6ecfcdf_3904_6045.tiff,85,91,glomeruli,200,355,285,446
2f6ecfcdf_3904_6045.tiff,149,139,glomeruli,106,0,255,139
2f6ecfcdf_3904_6448.tiff,92,92,glomeruli,502,396,594,488
2f6ecfcdf_3904_6851.tiff,92,92,glomeruli,99,396,191,488
2f6ecfcdf_3904_7254.tiff,32,127,glomeruli,774,117,806,244
2f6ecfcdf_3904_7657.tiff,148,161,glomeruli,371,99,519,260
2f6ecfcdf_3904_8060.tiff,116,161,glomeruli,0,99,116,260
2f6ecfcdf_3904_8463.tiff,121,140,glomeruli,685,143,806,283
2f6ecfcdf_3904_8866.tiff,93,118,glomeruli,480,184,573,302
2f6ecfcdf_3904_8866.tiff,125,140,glomeruli,282,143,407,283
2f6ecfcdf_3904_8866.tiff,110,40,glomeruli,694,0,804,40
2f6ecfcdf_3904_9269.tiff,4,30,glomeruli,0,197,4,227
2f6ecfcdf_3904_9269.tiff,93,118,glomeruli,77,184,170,302
2f6ecfcdf_3904_9269.tiff,22,93,glomeruli,784,129,806,222
2f6ecfcdf_3904_9269.tiff,135,143,glomeruli,571,120,706,263
2f6ecfcdf_3904_9269.tiff,110,40,glomeruli,291,0,401,40
2f6ecfcdf_3904_9672.tiff,135,143,glomeruli,168,120,303,263
2f6ecfcdf_3904_9672.tiff,87,119,glomeruli,381,106,468,225
2f6ecfcdf_4392_10075.tiff,127,134,glomeruli,166,354,293,488
2f6ecfcdf_4392_6448.tiff,71,17,glomeruli,506,0,577,17
2f6ecfcdf_4392_6851.tiff,71,17,glomeruli,103,0,174,17
2f6ecfcdf_4392_8060.tiff,3,3,glomeruli,803,485,806,488
2f6ecfcdf_4392_8060.tiff,97,106,glomeruli,709,216,806,322
2f6ecfcdf_4392_8463.tiff,67,12,glomeruli,400,476,467,488
2f6ecfcdf_4392_8463.tiff,120,126,glomeruli,686,286,806,412
2f6ecfcdf_4392_8463.tiff,138,106,glomeruli,306,216,444,322
2f6ecfcdf_4392_8866.tiff,64,12,glomeruli,0,476,64,488
2f6ecfcdf_4392_8866.tiff,138,72,glomeruli,617,384,755,456
2f6ecfcdf_4392_8866.tiff,128,126,glomeruli,283,286,411,412
2f6ecfcdf_4392_8866.tiff,41,97,glomeruli,0,218,41,315
2f6ecfcdf_4392_9269.tiff,138,72,glomeruli,214,384,352,456
2f6ecfcdf_4392_9269.tiff,8,57,glomeruli,0,314,8,371
2f6ecfcdf_4392_9672.tiff,127,134,glomeruli,569,354,696,488
2f6ecfcdf_4880_10075.tiff,113,66,glomeruli,423,422,536,488
2f6ecfcdf_4880_10075.tiff,74,130,glomeruli,0,216,74,346
2f6ecfcdf_4880_10075.tiff,106,47,glomeruli,185,0,291,47
2f6ecfcdf_4880_10478.tiff,113,66,glomeruli,20,422,133,488
2f6ecfcdf_4880_8060.tiff,128,145,glomeruli,473,171,601,316
2f6ecfcdf_4880_8060.tiff,25,98,glomeruli,781,0,806,98
2f6ecfcdf_4880_8463.tiff,128,145,glomeruli,70,171,198,316
2f6ecfcdf_4880_8463.tiff,61,86,glomeruli,745,119,806,205
2f6ecfcdf_4880_8463.tiff,117,110,glomeruli,378,0,495,110
2f6ecfcdf_4880_8866.tiff,97,86,glomeruli,342,119,439,205
2f6ecfcdf_4880_8866.tiff,92,110,glomeruli,0,0,92,110
2f6ecfcdf_4880_9269.tiff,59,128,glomeruli,747,220,806,348
2f6ecfcdf_4880_9269.tiff,36,84,glomeruli,0,120,36,204
2f6ecfcdf_4880_9672.tiff,133,132,glomeruli,344,216,477,348
2f6ecfcdf_4880_9672.tiff,106,47,glomeruli,588,0,694,47
2f6ecfcdf_5368_10075.tiff,89,17,glomeruli,92,471,181,488
2f6ecfcdf_5368_10075.tiff,117,126,glomeruli,126,219,243,345
2f6ecfcdf_5368_10075.tiff,100,99,glomeruli,142,93,242,192
2f6ecfcdf_5368_10075.tiff,121,68,glomeruli,414,0,535,68
2f6ecfcdf_5368_10478.tiff,121,68,glomeruli,11,0,132,68
2f6ecfcdf_5368_8060.tiff,26,119,glomeruli,780,204,806,323
2f6ecfcdf_5368_8463.tiff,169,160,glomeruli,377,186,546,346
2f6ecfcdf_5368_8866.tiff,143,160,glomeruli,0,186,143,346
2f6ecfcdf_5368_9269.tiff,131,104,glomeruli,434,378,565,482
2f6ecfcdf_5368_9672.tiff,89,17,glomeruli,495,471,584,488
2f6ecfcdf_5368_9672.tiff,131,104,glomeruli,31,378,162,482
2f6ecfcdf_5368_9672.tiff,117,126,glomeruli,529,219,646,345
2f6ecfcdf_5368_9672.tiff,100,99,glomeruli,545,93,645,192
2f6ecfcdf_5856_10075.tiff,36,8,glomeruli,506,480,542,488
2f6ecfcdf_5856_10075.tiff,52,109,glomeruli,0,170,52,279
2f6ecfcdf_5856_10075.tiff,142,115,glomeruli,72,0,214,115
2f6ecfcdf_5856_10478.tiff,36,8,glomeruli,103,480,139,488
2f6ecfcdf_5856_8463.tiff,17,80,glomeruli,789,264,806,344
2f6ecfcdf_5856_8866.tiff,222,264,glomeruli,386,109,608,373
2f6ecfcdf_5856_8866.tiff,76,83,glomeruli,605,62,681,145
2f6ecfcdf_5856_9269.tiff,120,105,glomeruli,421,322,541,427
2f6ecfcdf_5856_9269.tiff,19,100,glomeruli,787,171,806,271
2f6ecfcdf_5856_9269.tiff,205,264,glomeruli,0,109,205,373
2f6ecfcdf_5856_9269.tiff,76,83,glomeruli,202,62,278,145
2f6ecfcdf_5856_9672.tiff,120,105,glomeruli,18,322,138,427
2f6ecfcdf_5856_9672.tiff,71,109,glomeruli,384,170,455,279
2f6ecfcdf_5856_9672.tiff,142,115,glomeruli,475,0,617,115
2f6ecfcdf_6344_10075.tiff,24,4,glomeruli,679,484,703,488
2f6ecfcdf_6344_10075.tiff,110,158,glomeruli,644,256,754,414
2f6ecfcdf_6344_10075.tiff,165,168,glomeruli,452,0,617,168
2f6ecfcdf_6344_10478.tiff,24,4,glomeruli,276,484,300,488
2f6ecfcdf_6344_10478.tiff,110,158,glomeruli,241,256,351,414
2f6ecfcdf_6344_10478.tiff,165,168,glomeruli,49,0,214,168
2f6ecfcdf_6344_8866.tiff,100,82,glomeruli,706,406,806,488
2f6ecfcdf_6344_8866.tiff,69,65,glomeruli,723,304,792,369
2f6ecfcdf_6344_9269.tiff,112,82,glomeruli,303,406,415,488
2f6ecfcdf_6344_9269.tiff,69,65,glomeruli,320,304,389,369
2f6ecfcdf_6344_9269.tiff,137,125,glomeruli,649,177,786,302
2f6ecfcdf_6344_9672.tiff,12,53,glomeruli,0,435,12,488
2f6ecfcdf_6344_9672.tiff,137,125,glomeruli,246,177,383,302
2f6ecfcdf_6832_10075.tiff,131,45,glomeruli,53,443,184,488
2f6ecfcdf_6832_10075.tiff,159,144,glomeruli,227,222,386,366
2f6ecfcdf_6832_10075.tiff,113,117,glomeruli,621,0,734,117
2f6ecfcdf_6832_10478.tiff,113,117,glomeruli,218,0,331,117
2f6ecfcdf_6832_8866.tiff,93,46,glomeruli,713,0,806,46
2f6ecfcdf_6832_9269.tiff,146,170,glomeruli,652,290,798,460
2f6ecfcdf_6832_9269.tiff,103,46,glomeruli,310,0,413,46
2f6ecfcdf_6832_9672.tiff,131,45,glomeruli,456,443,587,488
2f6ecfcdf_6832_9672.tiff,146,170,glomeruli,249,290,395,460
2f6ecfcdf_6832_9672.tiff,159,144,glomeruli,630,222,789,366
2f6ecfcdf_6832_9672.tiff,10,23,glomeruli,0,0,10,23
2f6ecfcdf_7320_10075.tiff,142,164,glomeruli,396,162,538,326
2f6ecfcdf_7320_10075.tiff,142,82,glomeruli,50,0,192,82
2f6ecfcdf_7320_10478.tiff,135,164,glomeruli,0,162,135,326
2f6ecfcdf_7320_8463.tiff,7,61,glomeruli,799,342,806,403
2f6ecfcdf_7320_8866.tiff,146,140,glomeruli,396,279,542,419
2f6ecfcdf_7320_8866.tiff,161,154,glomeruli,404,53,565,207
2f6ecfcdf_7320_9269.tiff,139,140,glomeruli,0,279,139,419
2f6ecfcdf_7320_9269.tiff,151,164,glomeruli,543,80,694,244
2f6ecfcdf_7320_9269.tiff,161,154,glomeruli,1,53,162,207
2f6ecfcdf_7320_9672.tiff,7,35,glomeruli,799,225,806,260
2f6ecfcdf_7320_9672.tiff,151,164,glomeruli,140,80,291,244
2f6ecfcdf_7320_9672.tiff,142,82,glomeruli,453,0,595,82
2f6ecfcdf_7808_10075.tiff,151,159,glomeruli,641,183,792,342
2f6ecfcdf_7808_10075.tiff,118,124,glomeruli,514,154,632,278
2f6ecfcdf_7808_10478.tiff,151,159,glomeruli,238,183,389,342
2f6ecfcdf_7808_10478.tiff,118,124,glomeruli,111,154,229,278
2f6ecfcdf_7808_8463.tiff,140,137,glomeruli,480,351,620,488
2f6ecfcdf_7808_8463.tiff,145,126,glomeruli,661,99,806,225
2f6ecfcdf_7808_8866.tiff,140,137,glomeruli,77,351,217,488
2f6ecfcdf_7808_8866.tiff,154,126,glomeruli,258,99,412,225
2f6ecfcdf_7808_8866.tiff,195,177,glomeruli,584,33,779,210
2f6ecfcdf_7808_9269.tiff,125,100,glomeruli,551,310,676,410
2f6ecfcdf_7808_9269.tiff,9,35,glomeruli,0,138,9,173
2f6ecfcdf_7808_9269.tiff,144,164,glomeruli,512,42,656,206
2f6ecfcdf_7808_9269.tiff,195,177,glomeruli,181,33,376,210
2f6ecfcdf_7808_9672.tiff,125,100,glomeruli,148,310,273,410
2f6ecfcdf_7808_9672.tiff,144,164,glomeruli,109,42,253,206
2f6ecfcdf_8296_10075.tiff,160,65,glomeruli,0,423,160,488
2f6ecfcdf_8296_10075.tiff,59,143,glomeruli,0,161,59,304
2f6ecfcdf_8296_10478.tiff,118,172,glomeruli,550,256,668,428
2f6ecfcdf_8296_10881.tiff,118,172,glomeruli,147,256,265,428
2f6ecfcdf_8296_8463.tiff,48,8,glomeruli,534,0,582,8
2f6ecfcdf_8296_8866.tiff,48,8,glomeruli,131,0,179,8
2f6ecfcdf_8296_9269.tiff,12,34,glomeruli,794,454,806,488
2f6ecfcdf_8296_9269.tiff,129,149,glomeruli,677,157,806,306
2f6ecfcdf_8296_9269.tiff,111,93,glomeruli,690,9,801,102
2f6ecfcdf_8296_9672.tiff,172,65,glomeruli,391,423,563,488
2f6ecfcdf_8296_9672.tiff,188,149,glomeruli,274,157,462,306
2f6ecfcdf_8296_9672.tiff,111,93,glomeruli,287,9,398,102
2f6ecfcdf_8784_10075.tiff,74,49,glomeruli,732,439,806,488
2f6ecfcdf_8784_10075.tiff,159,196,glomeruli,0,0,159,196
2f6ecfcdf_8784_10478.tiff,118,49,glomeruli,329,439,447,488
2f6ecfcdf_8784_10478.tiff,97,91,glomeruli,506,324,603,415
2f6ecfcdf_8784_10478.tiff,109,153,glomeruli,482,0,591,153
2f6ecfcdf_8784_10881.tiff,44,48,glomeruli,0,440,44,488
2f6ecfcdf_8784_10881.tiff,97,91,glomeruli,103,324,200,415
2f6ecfcdf_8784_10881.tiff,109,153,glomeruli,79,0,188,153
2f6ecfcdf_8784_11284.tiff,19,17,glomeruli,500,335,519,352
2f6ecfcdf_8784_11687.tiff,19,17,glomeruli,97,335,116,352
2f6ecfcdf_8784_8463.tiff,10,63,glomeruli,796,308,806,371
2f6ecfcdf_8784_8866.tiff,177,152,glomeruli,393,280,570,432
2f6ecfcdf_8784_8866.tiff,6,19,glomeruli,800,166,806,185
2f6ecfcdf_8784_9269.tiff,167,152,glomeruli,0,280,167,432
2f6ecfcdf_8784_9269.tiff,117,61,glomeruli,397,148,514,209
2f6ecfcdf_8784_9269.tiff,8,59,glomeruli,798,80,806,139
2f6ecfcdf_8784_9269.tiff,147,145,glomeruli,450,32,597,177
2f6ecfcdf_8784_9269.tiff,9,19,glomeruli,797,0,806,19
2f6ecfcdf_8784_9672.tiff,111,61,glomeruli,0,148,111,209
2f6ecfcdf_8784_9672.tiff,147,145,glomeruli,47,32,194,177
2f6ecfcdf_8784_9672.tiff,168,196,glomeruli,394,0,562,196
2f6ecfcdf_9272_10075.tiff,124,144,glomeruli,460,251,584,395
2f6ecfcdf_9272_10075.tiff,53,146,glomeruli,0,240,53,386
2f6ecfcdf_9272_10075.tiff,115,157,glomeruli,0,17,115,174
2f6ecfcdf_9272_10075.tiff,77,85,glomeruli,729,0,806,85
2f6ecfcdf_9272_10478.tiff,124,144,glomeruli,57,251,181,395
2f6ecfcdf_9272_10478.tiff,133,85,glomeruli,326,0,459,85
2f6ecfcdf_9272_10881.tiff,56,83,glomeruli,0,0,56,83
2f6ecfcdf_9272_8463.tiff,120,28,glomeruli,628,460,748,488
2f6ecfcdf_9272_8866.tiff,120,28,glomeruli,225,460,345,488
2f6ecfcdf_9272_8866.tiff,138,134,glomeruli,610,82,748,216
2f6ecfcdf_9272_9269.tiff,102,149,glomeruli,704,238,806,387
2f6ecfcdf_9272_9269.tiff,138,134,glomeruli,207,82,345,216
2f6ecfcdf_9272_9269.tiff,62,140,glomeruli,744,22,806,162
2f6ecfcdf_9272_9672.tiff,155,149,glomeruli,301,238,456,387
2f6ecfcdf_9272_9672.tiff,177,157,glomeruli,341,17,518,174
2f6ecfcdf_9760_10075.tiff,137,132,glomeruli,491,140,628,272
2f6ecfcdf_9760_10478.tiff,137,132,glomeruli,88,140,225,272
2f6ecfcdf_9760_6448.tiff,134,122,glomeruli,567,366,701,488
2f6ecfcdf_9760_6851.tiff,134,122,glomeruli,164,366,298,488
2f6ecfcdf_9760_6851.tiff,171,135,glomeruli,544,353,715,488
2f6ecfcdf_9760_6851.tiff,172,138,glomeruli,570,122,742,260
2f6ecfcdf_9760_7254.tiff,139,131,glomeruli,651,357,790,488
2f6ecfcdf_9760_7254.tiff,171,135,glomeruli,141,353,312,488
2f6ecfcdf_9760_7254.tiff,106,104,glomeruli,600,180,706,284
2f6ecfcdf_9760_7254.tiff,73,56,glomeruli,727,140,800,196
2f6ecfcdf_9760_7254.tiff,172,138,glomeruli,167,122,339,260
2f6ecfcdf_9760_7657.tiff,139,131,glomeruli,248,357,387,488
2f6ecfcdf_9760_7657.tiff,106,104,glomeruli,197,180,303,284
2f6ecfcdf_9760_7657.tiff,73,56,glomeruli,324,140,397,196
2f6ecfcdf_9760_8060.tiff,176,154,glomeruli,496,293,672,447
2f6ecfcdf_9760_8060.tiff,160,128,glomeruli,531,162,691,290
2f6ecfcdf_9760_8060.tiff,141,126,glomeruli,665,2,806,128
2f6ecfcdf_9760_8463.tiff,141,143,glomeruli,658,335,799,478
2f6ecfcdf_9760_8463.tiff,176,154,glomeruli,93,293,269,447
2f6ecfcdf_9760_8463.tiff,160,128,glomeruli,128,162,288,290
2f6ecfcdf_9760_8463.tiff,164,126,glomeruli,262,2,426,128
2f6ecfcdf_9760_8463.tiff,173,125,glomeruli,620,0,793,125
2f6ecfcdf_9760_8866.tiff,141,143,glomeruli,255,335,396,478
2f6ecfcdf_9760_8866.tiff,74,108,glomeruli,732,147,806,255
2f6ecfcdf_9760_8866.tiff,23,84,glomeruli,0,30,23,114
2f6ecfcdf_9760_8866.tiff,173,125,glomeruli,217,0,390,125
2f6ecfcdf_9760_9269.tiff,105,108,glomeruli,329,147,434,255
2f6ecfcdf_9760_9672.tiff,31,93,glomeruli,0,159,31,252
54f2eec69_1425_3123.tiff,112,98,glomeruli,493,377,605,475
54f2eec69_1425_3470.tiff,112,98,glomeruli,146,377,258,475
54f2eec69_1425_3817.tiff,36,8,glomeruli,394,467,430,475
54f2eec69_1425_4164.tiff,36,8,glomeruli,47,467,83,475
54f2eec69_1425_4511.tiff,124,89,glomeruli,571,386,695,475
54f2eec69_1425_4858.tiff,160,89,glomeruli,224,386,384,475
54f2eec69_1425_5205.tiff,37,53,glomeruli,0,422,37,475
54f2eec69_1425_5899.tiff,32,125,glomeruli,663,26,695,151
54f2eec69_1425_6246.tiff,242,198,glomeruli,316,5,558,203
54f2eec69_1425_6593.tiff,211,198,glomeruli,0,5,211,203
54f2eec69_1900_3123.tiff,86,33,glomeruli,505,0,591,33
54f2eec69_1900_3470.tiff,86,33,glomeruli,158,0,244,33
54f2eec69_1900_3817.tiff,141,147,glomeruli,358,0,499,147
54f2eec69_1900_4164.tiff,144,46,glomeruli,405,429,549,475
54f2eec69_1900_4164.tiff,141,147,glomeruli,11,0,152,147
54f2eec69_1900_4511.tiff,144,46,glomeruli,58,429,202,475
54f2eec69_1900_4511.tiff,122,64,glomeruli,573,0,695,64
54f2eec69_1900_4858.tiff,160,64,glomeruli,226,0,386,64
54f2eec69_1900_5205.tiff,186,164,glomeruli,509,163,695,327
54f2eec69_1900_5205.tiff,39,49,glomeruli,0,0,39,49
54f2eec69_1900_5552.tiff,197,164,glomeruli,162,163,359,327
54f2eec69_1900_5899.tiff,12,94,glomeruli,0,185,12,279
54f2eec69_1900_5899.tiff,58,148,glomeruli,637,59,695,207
54f2eec69_1900_6246.tiff,181,207,glomeruli,290,38,471,245
54f2eec69_1900_6593.tiff,124,207,glomeruli,0,38,124,245
54f2eec69_1900_7287.tiff,175,192,glomeruli,452,233,627,425
54f2eec69_1900_7634.tiff,175,192,glomeruli,105,233,280,425
54f2eec69_2375_2776.tiff,198,166,glomeruli,452,309,650,475
54f2eec69_2375_3123.tiff,198,166,glomeruli,105,309,303,475
54f2eec69_2375_3470.tiff,127,142,glomeruli,390,236,517,378
54f2eec69_2375_3817.tiff,127,142,glomeruli,43,236,170,378
54f2eec69_2375_4164.tiff,180,140,glomeruli,383,0,563,140
54f2eec69_2375_4511.tiff,180,140,glomeruli,36,0,216,140
54f2eec69_2375_4858.tiff,54,169,glomeruli,641,137,695,306
54f2eec69_2375_5205.tiff,206,239,glomeruli,294,67,500,306
54f2eec69_2375_5552.tiff,153,229,glomeruli,0,67,153,296
54f2eec69_2375_6593.tiff,100,120,glomeruli,595,220,695,340
54f2eec69_2375_6940.tiff,108,120,glomeruli,248,220,356,340
54f2eec69_2375_7287.tiff,132,60,glomeruli,539,415,671,475
54f2eec69_2375_7287.tiff,9,56,glomeruli,0,258,9,314
54f2eec69_2375_7634.tiff,132,60,glomeruli,192,415,324,475
54f2eec69_2375_7981.tiff,208,224,glomeruli,422,29,630,253
54f2eec69_2375_8328.tiff,208,224,glomeruli,75,29,283,253
54f2eec69_2850_2776.tiff,17,4,glomeruli,513,0,530,4
54f2eec69_2850_3123.tiff,17,4,glomeruli,166,0,183,4
54f2eec69_2850_3817.tiff,137,152,glomeruli,412,62,549,214
54f2eec69_2850_4164.tiff,85,93,glomeruli,382,280,467,373
54f2eec69_2850_4164.tiff,137,152,glomeruli,65,62,202,214
54f2eec69_2850_4511.tiff,85,93,glomeruli,35,280,120,373
54f2eec69_2850_5552.tiff,99,120,glomeruli,596,355,695,475
54f2eec69_2850_5899.tiff,187,120,glomeruli,249,355,436,475
54f2eec69_2850_5899.tiff,124,196,glomeruli,571,223,695,419
54f2eec69_2850_6246.tiff,89,116,glomeruli,0,359,89,475
54f2eec69_2850_6246.tiff,200,202,glomeruli,224,223,424,425
54f2eec69_2850_6593.tiff,77,190,glomeruli,0,235,77,425
54f2eec69_2850_6940.tiff,120,198,glomeruli,575,241,695,439
54f2eec69_2850_7287.tiff,223,174,glomeruli,472,301,695,475
54f2eec69_2850_7287.tiff,202,200,glomeruli,228,239,430,439
54f2eec69_2850_7287.tiff,139,92,glomeruli,537,0,676,92
54f2eec69_2850_7634.tiff,225,174,glomeruli,125,301,350,475
54f2eec69_2850_7634.tiff,83,188,glomeruli,0,239,83,427
54f2eec69_2850_7634.tiff,164,145,glomeruli,509,186,673,331
54f2eec69_2850_7634.tiff,139,92,glomeruli,190,0,329,92
54f2eec69_2850_7981.tiff,3,15,glomeruli,0,323,3,338
54f2eec69_2850_7981.tiff,164,145,glomeruli,162,186,326,331
54f2eec69_3325_2082.tiff,79,190,glomeruli,616,197,695,387
54f2eec69_3325_2429.tiff,137,190,glomeruli,269,197,406,387
54f2eec69_3325_2776.tiff,59,187,glomeruli,0,200,59,387
54f2eec69_3325_3470.tiff,32,139,glomeruli,663,91,695,230
54f2eec69_3325_3817.tiff,191,193,glomeruli,316,55,507,248
54f2eec69_3325_4164.tiff,160,193,glomeruli,0,55,160,248
54f2eec69_3325_4858.tiff,28,101,glomeruli,667,227,695,328
54f2eec69_3325_4858.tiff,164,155,glomeruli,359,47,523,202
54f2eec69_3325_5205.tiff,160,145,glomeruli,320,210,480,355
54f2eec69_3325_5205.tiff,164,155,glomeruli,12,47,176,202
54f2eec69_3325_5552.tiff,133,145,glomeruli,0,210,133,355
54f2eec69_3325_5552.tiff,94,19,glomeruli,601,0,695,19
54f2eec69_3325_5899.tiff,122,19,glomeruli,254,0,376,19
54f2eec69_3325_6246.tiff,29,8,glomeruli,0,0,29,8
54f2eec69_3325_6593.tiff,171,105,glomeruli,398,370,569,475
54f2eec69_3325_6940.tiff,171,105,glomeruli,51,370,222,475
54f2eec69_3325_6940.tiff,70,214,glomeruli,625,240,695,454
54f2eec69_3325_7287.tiff,179,228,glomeruli,278,226,457,454
54f2eec69_3325_7287.tiff,200,174,glomeruli,437,96,637,270
54f2eec69_3325_7287.tiff,75,12,glomeruli,491,0,566,12
54f2eec69_3325_7634.tiff,110,226,glomeruli,0,226,110,452
54f2eec69_3325_7634.tiff,200,174,glomeruli,90,96,290,270
54f2eec69_3325_7634.tiff,217,194,glomeruli,351,81,568,275
54f2eec69_3325_7634.tiff,75,12,glomeruli,144,0,219,12
54f2eec69_3325_7981.tiff,217,194,glomeruli,4,81,221,275
54f2eec69_3800_2082.tiff,189,291,glomeruli,506,184,695,475
54f2eec69_3800_2429.tiff,258,291,glomeruli,159,184,417,475
54f2eec69_3800_2776.tiff,70,263,glomeruli,0,212,70,475
54f2eec69_3800_5205.tiff,177,152,glomeruli,370,180,547,332
54f2eec69_3800_5205.tiff,85,200,glomeruli,610,27,695,227
54f2eec69_3800_5552.tiff,177,152,glomeruli,23,180,200,332
54f2eec69_3800_5552.tiff,168,203,glomeruli,263,27,431,230
54f2eec69_3800_5899.tiff,84,203,glomeruli,0,27,84,230
54f2eec69_3800_6593.tiff,147,30,glomeruli,426,0,573,30
54f2eec69_3800_6940.tiff,147,30,glomeruli,79,0,226,30
54f2eec69_3800_7287.tiff,147,48,glomeruli,394,427,541,475
54f2eec69_3800_7634.tiff,147,48,glomeruli,47,427,194,475
54f2eec69_3800_7634.tiff,153,125,glomeruli,542,350,695,475
54f2eec69_3800_7634.tiff,153,89,glomeruli,459,122,612,211
54f2eec69_3800_7981.tiff,175,125,glomeruli,195,350,370,475
54f2eec69_3800_7981.tiff,153,89,glomeruli,112,122,265,211
54f2eec69_3800_8328.tiff,142,60,glomeruli,530,415,672,475
54f2eec69_3800_8328.tiff,23,93,glomeruli,0,382,23,475
54f2eec69_3800_8675.tiff,142,60,glomeruli,183,415,325,475
54f2eec69_4275_2082.tiff,115,41,glomeruli,580,0,695,41
54f2eec69_4275_2429.tiff,142,42,glomeruli,233,0,375,42
54f2eec69_4275_2776.tiff,28,42,glomeruli,0,0,28,42
54f2eec69_4275_3123.tiff,149,212,glomeruli,546,203,695,415
54f2eec69_4275_3123.tiff,125,166,glomeruli,411,48,536,214
54f2eec69_4275_3470.tiff,175,212,glomeruli,199,203,374,415
54f2eec69_4275_3470.tiff,125,166,glomeruli,64,48,189,214
54f2eec69_4275_3817.tiff,27,133,glomeruli,0,222,27,355
54f2eec69_4275_4164.tiff,167,213,glomeruli,510,80,677,293
54f2eec69_4275_4511.tiff,167,213,glomeruli,163,80,330,293
54f2eec69_4275_5552.tiff,180,72,glomeruli,385,403,565,475
54f2eec69_4275_5552.tiff,25,75,glomeruli,670,392,695,467
54f2eec69_4275_5899.tiff,180,72,glomeruli,38,403,218,475
54f2eec69_4275_5899.tiff,184,111,glomeruli,323,364,507,475
54f2eec69_4275_6246.tiff,160,111,glomeruli,0,364,160,475
54f2eec69_4275_6940.tiff,60,130,glomeruli,635,345,695,475
54f2eec69_4275_7287.tiff,183,136,glomeruli,288,339,471,475
54f2eec69_4275_7287.tiff,173,119,glomeruli,392,0,565,119
54f2eec69_4275_7634.tiff,147,48,glomeruli,541,427,688,475
54f2eec69_4275_7634.tiff,124,136,glomeruli,0,339,124,475
54f2eec69_4275_7634.tiff,141,58,glomeruli,554,0,695,58
54f2eec69_4275_7634.tiff,173,119,glomeruli,45,0,218,119
54f2eec69_4275_7981.tiff,57,5,glomeruli,447,470,504,475
54f2eec69_4275_7981.tiff,147,48,glomeruli,194,427,341,475
54f2eec69_4275_7981.tiff,147,58,glomeruli,207,0,354,58
54f2eec69_4275_8328.tiff,57,5,glomeruli,100,470,157,475
54f2eec69_4275_8328.tiff,201,196,glomeruli,487,173,688,369
54f2eec69_4275_8328.tiff,143,73,glomeruli,530,0,673,73
54f2eec69_4275_8328.tiff,7,10,glomeruli,0,0,7,10
54f2eec69_4275_8675.tiff,97,125,glomeruli,598,250,695,375
54f2eec69_4275_8675.tiff,201,196,glomeruli,140,173,341,369
54f2eec69_4275_8675.tiff,143,73,glomeruli,183,0,326,73
54f2eec69_4275_9022.tiff,192,129,glomeruli,251,248,443,377
54f2eec69_4275_9369.tiff,90,12,glomeruli,367,463,457,475
54f2eec69_4275_9369.tiff,96,129,glomeruli,0,248,96,377
54f2eec69_4275_9716.tiff,90,12,glomeruli,20,463,110,475
54f2eec69_4750_10063.tiff,106,177,glomeruli,0,149,106,326
54f2eec69_4750_3123.tiff,184,186,glomeruli,446,289,630,475
54f2eec69_4750_3470.tiff,184,186,glomeruli,99,289,283,475
54f2eec69_4750_4511.tiff,104,127,glomeruli,547,222,651,349
54f2eec69_4750_4858.tiff,104,127,glomeruli,200,222,304,349
54f2eec69_4750_4858.tiff,210,190,glomeruli,384,194,594,384
54f2eec69_4750_5205.tiff,210,190,glomeruli,37,194,247,384
54f2eec69_4750_5552.tiff,182,112,glomeruli,381,0,563,112
54f2eec69_4750_5899.tiff,53,10,glomeruli,352,0,405,10
54f2eec69_4750_5899.tiff,182,112,glomeruli,34,0,216,112
54f2eec69_4750_6246.tiff,53,10,glomeruli,5,0,58,10
54f2eec69_4750_6593.tiff,170,95,glomeruli,513,380,683,475
54f2eec69_4750_6940.tiff,170,95,glomeruli,166,380,336,475
54f2eec69_4750_6940.tiff,45,26,glomeruli,650,0,695,26
54f2eec69_4750_7287.tiff,143,227,glomeruli,552,191,695,418
54f2eec69_4750_7287.tiff,146,29,glomeruli,303,0,449,29
54f2eec69_4750_7634.tiff,210,227,glomeruli,205,191,415,418
54f2eec69_4750_7634.tiff,169,87,glomeruli,518,0,687,87
54f2eec69_4750_7634.tiff,102,29,glomeruli,0,0,102,29
54f2eec69_4750_7981.tiff,203,233,glomeruli,379,225,582,458
54f2eec69_4750_7981.tiff,68,173,glomeruli,0,211,68,384
54f2eec69_4750_7981.tiff,140,131,glomeruli,421,0,561,131
54f2eec69_4750_7981.tiff,169,87,glomeruli,171,0,340,87
54f2eec69_4750_8328.tiff,203,233,glomeruli,32,225,235,458
54f2eec69_4750_8328.tiff,140,131,glomeruli,74,0,214,131
54f2eec69_4750_9022.tiff,155,87,glomeruli,540,388,695,475
54f2eec69_4750_9022.tiff,41,129,glomeruli,654,13,695,142
54f2eec69_4750_9369.tiff,172,87,glomeruli,193,388,365,475
54f2eec69_4750_9369.tiff,50,144,glomeruli,645,185,695,329
54f2eec69_4750_9369.tiff,170,143,glomeruli,307,0,477,143
54f2eec69_4750_9716.tiff,18,49,glomeruli,0,426,18,475
54f2eec69_4750_9716.tiff,155,180,glomeruli,298,149,453,329
54f2eec69_4750_9716.tiff,130,143,glomeruli,0,0,130,143
54f2eec69_475_4511.tiff,169,182,glomeruli,526,293,695,475
54f2eec69_475_4858.tiff,213,182,glomeruli,179,293,392,475
54f2eec69_475_5205.tiff,45,157,glomeruli,0,305,45,462
54f2eec69_5225_1388.tiff,37,177,glomeruli,658,73,695,250
54f2eec69_5225_1735.tiff,158,196,glomeruli,311,54,469,250
54f2eec69_5225_2082.tiff,122,196,glomeruli,0,54,122,250
54f2eec69_5225_3123.tiff,183,65,glomeruli,512,410,695,475
54f2eec69_5225_3123.tiff,156,72,glomeruli,458,0,614,72
54f2eec69_5225_3470.tiff,204,65,glomeruli,165,410,369,475
54f2eec69_5225_3470.tiff,154,87,glomeruli,541,388,695,475
54f2eec69_5225_3470.tiff,156,72,glomeruli,111,0,267,72
54f2eec69_5225_3817.tiff,22,47,glomeruli,0,410,22,457
54f2eec69_5225_3817.tiff,187,87,glomeruli,194,388,381,475
54f2eec69_5225_4164.tiff,34,62,glomeruli,0,413,34,475
54f2eec69_5225_6246.tiff,177,207,glomeruli,349,182,526,389
54f2eec69_5225_6593.tiff,177,207,glomeruli,2,182,179,389
54f2eec69_5225_6593.tiff,190,131,glomeruli,498,0,688,131
54f2eec69_5225_6940.tiff,106,29,glomeruli,493,446,599,475
54f2eec69_5225_6940.tiff,214,236,glomeruli,418,158,632,394
54f2eec69_5225_6940.tiff,190,131,glomeruli,151,0,341,131
54f2eec69_5225_7287.tiff,106,29,glomeruli,146,446,252,475
54f2eec69_5225_7287.tiff,214,236,glomeruli,71,158,285,394
54f2eec69_5225_7287.tiff,244,199,glomeruli,354,148,598,347
54f2eec69_5225_7634.tiff,244,199,glomeruli,7,148,251,347
54f2eec69_5225_8328.tiff,229,191,glomeruli,463,117,692,308
54f2eec69_5225_8675.tiff,104,29,glomeruli,447,446,551,475
54f2eec69_5225_8675.tiff,112,154,glomeruli,544,236,656,390
54f2eec69_5225_8675.tiff,229,191,glomeruli,116,117,345,308
54f2eec69_5225_9022.tiff,104,29,glomeruli,100,446,204,475
54f2eec69_5225_9022.tiff,225,185,glomeruli,455,290,680,475
54f2eec69_5225_9022.tiff,112,154,glomeruli,197,236,309,390
54f2eec69_5225_9022.tiff,168,140,glomeruli,527,0,695,140
54f2eec69_5225_9369.tiff,225,185,glomeruli,108,290,333,475
54f2eec69_5225_9369.tiff,186,140,glomeruli,180,0,366,140
54f2eec69_5225_9716.tiff,19,70,glomeruli,0,0,19,70
54f2eec69_5700_1735.tiff,221,125,glomeruli,474,147,695,272
54f2eec69_5700_2082.tiff,160,70,glomeruli,453,405,613,475
54f2eec69_5700_2082.tiff,254,125,glomeruli,127,147,381,272
54f2eec69_5700_2082.tiff,229,270,glomeruli,386,79,615,349
54f2eec69_5700_2429.tiff,160,70,glomeruli,106,405,266,475
54f2eec69_5700_2429.tiff,34,82,glomeruli,0,160,34,242
54f2eec69_5700_2429.tiff,229,270,glomeruli,39,79,268,349
54f2eec69_5700_3123.tiff,122,215,glomeruli,573,166,695,381
54f2eec69_5700_3123.tiff,177,98,glomeruli,506,0,683,98
54f2eec69_5700_3470.tiff,174,188,glomeruli,520,210,694,398
54f2eec69_5700_3470.tiff,225,216,glomeruli,226,166,451,382
54f2eec69_5700_3470.tiff,165,123,glomeruli,530,0,695,123
54f2eec69_5700_3470.tiff,177,98,glomeruli,159,0,336,98
54f2eec69_5700_3817.tiff,174,188,glomeruli,173,210,347,398
54f2eec69_5700_3817.tiff,104,216,glomeruli,0,166,104,382
54f2eec69_5700_3817.tiff,207,123,glomeruli,183,0,390,123
54f2eec69_5700_4164.tiff,43,93,glomeruli,0,0,43,93
54f2eec69_5700_5552.tiff,117,111,glomeruli,497,61,614,172
54f2eec69_5700_5899.tiff,117,111,glomeruli,150,61,267,172
54f2eec69_5700_6940.tiff,167,134,glomeruli,469,0,636,134
54f2eec69_5700_7287.tiff,167,134,glomeruli,122,0,289,134
54f2eec69_5700_7634.tiff,5,9,glomeruli,690,466,695,475
54f2eec69_5700_7634.tiff,192,99,glomeruli,488,376,680,475
54f2eec69_5700_7634.tiff,10,75,glomeruli,685,183,695,258
54f2eec69_5700_7981.tiff,117,58,glomeruli,343,417,460,475
54f2eec69_5700_7981.tiff,192,99,glomeruli,141,376,333,475
54f2eec69_5700_7981.tiff,148,137,glomeruli,338,159,486,296
54f2eec69_5700_8328.tiff,113,58,glomeruli,0,417,113,475
54f2eec69_5700_8328.tiff,10,102,glomeruli,685,263,695,365
54f2eec69_5700_8328.tiff,139,137,glomeruli,0,159,139,296
54f2eec69_5700_8675.tiff,178,238,glomeruli,338,206,516,444
54f2eec69_5700_8675.tiff,168,130,glomeruli,405,0,573,130
54f2eec69_5700_9022.tiff,169,238,glomeruli,0,206,169,444
54f2eec69_5700_9022.tiff,79,159,glomeruli,616,39,695,198
54f2eec69_5700_9022.tiff,148,38,glomeruli,493,0,641,38
54f2eec69_5700_9022.tiff,168,130,glomeruli,58,0,226,130
54f2eec69_5700_9369.tiff,232,107,glomeruli,461,368,693,475
54f2eec69_5700_9369.tiff,181,163,glomeruli,269,37,450,200
54f2eec69_5700_9369.tiff,148,38,glomeruli,146,0,294,38
54f2eec69_5700_9716.tiff,232,107,glomeruli,114,368,346,475
54f2eec69_5700_9716.tiff,103,163,glomeruli,0,37,103,200
54f2eec69_6175_10063.tiff,7,35,glomeruli,0,27,7,62
54f2eec69_6175_10063.tiff,2,15,glomeruli,0,4,2,19
54f2eec69_6175_1735.tiff,110,194,glomeruli,585,244,695,438
54f2eec69_6175_2082.tiff,193,194,glomeruli,238,244,431,438
54f2eec69_6175_2082.tiff,212,119,glomeruli,422,0,634,119
54f2eec69_6175_2429.tiff,84,177,glomeruli,0,245,84,422
54f2eec69_6175_2429.tiff,130,217,glomeruli,565,121,695,338
54f2eec69_6175_2429.tiff,212,119,glomeruli,75,0,287,119
54f2eec69_6175_2776.tiff,200,217,glomeruli,218,121,418,338
54f2eec69_6175_3123.tiff,19,74,glomeruli,676,401,695,475
54f2eec69_6175_3123.tiff,172,87,glomeruli,422,388,594,475
54f2eec69_6175_3123.tiff,71,214,glomeruli,0,121,71,335
54f2eec69_6175_3123.tiff,164,211,glomeruli,531,36,695,247
54f2eec69_6175_3470.tiff,172,87,glomeruli,75,388,247,475
54f2eec69_6175_3470.tiff,217,163,glomeruli,329,312,546,475
54f2eec69_6175_3470.tiff,191,211,glomeruli,184,36,375,247
54f2eec69_6175_3817.tiff,199,163,glomeruli,0,312,199,475
54f2eec69_6175_3817.tiff,28,131,glomeruli,0,40,28,171
54f2eec69_6175_4164.tiff,128,154,glomeruli,567,317,695,471
54f2eec69_6175_4511.tiff,152,154,glomeruli,220,317,372,471
54f2eec69_6175_4858.tiff,25,87,glomeruli,0,359,25,446
54f2eec69_6175_5899.tiff,132,246,glomeruli,563,229,695,475
54f2eec69_6175_5899.tiff,89,204,glomeruli,606,25,695,229
54f2eec69_6175_6246.tiff,75,15,glomeruli,498,460,573,475
54f2eec69_6175_6246.tiff,436,453,glomeruli,216,22,652,475
54f2eec69_6175_6593.tiff,75,15,glomeruli,151,460,226,475
54f2eec69_6175_6593.tiff,198,218,glomeruli,497,234,695,452
54f2eec69_6175_6593.tiff,305,449,glomeruli,0,22,305,471
54f2eec69_6175_6940.tiff,199,218,glomeruli,150,234,349,452
54f2eec69_6175_7287.tiff,2,9,glomeruli,0,390,2,399
54f2eec69_6175_7634.tiff,21,126,glomeruli,674,0,695,126
54f2eec69_6175_7634.tiff,202,122,glomeruli,478,0,680,122
54f2eec69_6175_7981.tiff,137,142,glomeruli,327,0,464,142
54f2eec69_6175_7981.tiff,202,122,glomeruli,131,0,333,122
54f2eec69_6175_8328.tiff,117,142,glomeruli,0,0,117,142
54f2eec69_6175_8675.tiff,16,93,glomeruli,679,157,695,250
54f2eec69_6175_9022.tiff,178,74,glomeruli,516,401,694,475
54f2eec69_6175_9022.tiff,104,164,glomeruli,332,139,436,303
54f2eec69_6175_9369.tiff,178,74,glomeruli,169,401,347,475
54f2eec69_6175_9369.tiff,89,164,glomeruli,0,139,89,303
54f2eec69_6175_9369.tiff,236,118,glomeruli,459,0,695,118
54f2eec69_6175_9716.tiff,242,118,glomeruli,112,0,354,118
54f2eec69_6650_2776.tiff,224,211,glomeruli,457,38,681,249
54f2eec69_6650_3123.tiff,224,211,glomeruli,110,38,334,249
54f2eec69_6650_3123.tiff,19,46,glomeruli,676,0,695,46
54f2eec69_6650_3123.tiff,173,163,glomeruli,422,0,595,163
54f2eec69_6650_3470.tiff,5,60,glomeruli,690,338,695,398
54f2eec69_6650_3470.tiff,200,70,glomeruli,329,0,529,70
54f2eec69_6650_3470.tiff,173,163,glomeruli,75,0,248,163
54f2eec69_6650_3817.tiff,248,227,glomeruli,343,227,591,454
54f2eec69_6650_3817.tiff,182,70,glomeruli,0,0,182,70
54f2eec69_6650_4164.tiff,244,227,glomeruli,0,227,244,454
54f2eec69_6650_4858.tiff,122,142,glomeruli,573,29,695,171
54f2eec69_6650_5205.tiff,129,144,glomeruli,442,318,571,462
54f2eec69_6650_5205.tiff,187,142,glomeruli,226,29,413,171
54f2eec69_6650_5552.tiff,129,144,glomeruli,95,318,224,462
54f2eec69_6650_5552.tiff,66,137,glomeruli,0,33,66,170
54f2eec69_6650_5899.tiff,27,4,glomeruli,655,0,682,4
54f2eec69_6650_6246.tiff,56,170,glomeruli,639,102,695,272
54f2eec69_6650_6246.tiff,166,137,glomeruli,454,0,620,137
54f2eec69_6650_6246.tiff,27,4,glomeruli,308,0,335,4
54f2eec69_6650_6593.tiff,221,216,glomeruli,292,90,513,306
54f2eec69_6650_6593.tiff,166,137,glomeruli,107,0,273,137
54f2eec69_6650_6940.tiff,166,216,glomeruli,0,90,166,306
54f2eec69_6650_7287.tiff,49,153,glomeruli,646,99,695,252
54f2eec69_6650_7634.tiff,157,164,glomeruli,299,89,456,253
54f2eec69_6650_7981.tiff,109,164,glomeruli,0,89,109,253
54f2eec69_6650_8328.tiff,99,207,glomeruli,596,51,695,258
54f2eec69_6650_8328.tiff,144,184,glomeruli,418,18,562,202
54f2eec69_6650_8675.tiff,203,229,glomeruli,249,31,452,260
54f2eec69_6650_8675.tiff,144,184,glomeruli,71,18,215,202
54f2eec69_6650_9022.tiff,105,229,glomeruli,0,31,105,260
54f2eec69_6650_9022.tiff,181,151,glomeruli,514,0,695,151
54f2eec69_6650_9369.tiff,192,151,glomeruli,167,0,359,151
54f2eec69_6650_9716.tiff,12,63,glomeruli,0,2,12,65
54f2eec69_7125_2082.tiff,129,99,glomeruli,483,298,612,397
54f2eec69_7125_2429.tiff,129,99,glomeruli,136,298,265,397
54f2eec69_7125_3817.tiff,47,192,glomeruli,648,278,695,470
54f2eec69_7125_4164.tiff,208,240,glomeruli,301,233,509,473
54f2eec69_7125_4164.tiff,86,271,glomeruli,609,122,695,393
54f2eec69_7125_4511.tiff,162,240,glomeruli,0,233,162,473
54f2eec69_7125_4511.tiff,207,279,glomeruli,262,122,469,401
54f2eec69_7125_4858.tiff,122,263,glomeruli,0,138,122,401
54f2eec69_7125_5205.tiff,123,42,glomeruli,374,433,497,475
54f2eec69_7125_5205.tiff,145,180,glomeruli,349,202,494,382
54f2eec69_7125_5552.tiff,123,42,glomeruli,27,433,150,475
54f2eec69_7125_5552.tiff,145,180,glomeruli,2,202,147,382
54f2eec69_7125_6246.tiff,142,131,glomeruli,417,344,559,475
54f2eec69_7125_6246.tiff,144,202,glomeruli,551,18,695,220
54f2eec69_7125_6593.tiff,142,131,glomeruli,70,344,212,475
54f2eec69_7125_6593.tiff,92,226,glomeruli,603,116,695,342
54f2eec69_7125_6593.tiff,212,202,glomeruli,204,18,416,220
54f2eec69_7125_6940.tiff,127,83,glomeruli,454,392,581,475
54f2eec69_7125_6940.tiff,210,230,glomeruli,256,112,466,342
54f2eec69_7125_6940.tiff,69,168,glomeruli,0,18,69,186
54f2eec69_7125_7287.tiff,127,83,glomeruli,107,392,234,475
54f2eec69_7125_7287.tiff,119,228,glomeruli,0,112,119,340
54f2eec69_7125_7981.tiff,113,93,glomeruli,436,382,549,475
54f2eec69_7125_8328.tiff,113,93,glomeruli,89,382,202,475
54f2eec69_7125_8328.tiff,210,247,glomeruli,419,0,629,247
54f2eec69_7125_8675.tiff,210,247,glomeruli,72,0,282,247
54f2eec69_7600_3470.tiff,57,4,glomeruli,590,471,647,475
54f2eec69_7600_3817.tiff,57,4,glomeruli,243,471,300,475
54f2eec69_7600_3817.tiff,221,211,glomeruli,384,211,605,422
54f2eec69_7600_4164.tiff,86,11,glomeruli,426,464,512,475
54f2eec69_7600_4164.tiff,221,211,glomeruli,37,211,258,422
54f2eec69_7600_4511.tiff,86,11,glomeruli,79,464,165,475
54f2eec69_7600_4858.tiff,83,46,glomeruli,612,429,695,475
54f2eec69_7600_5205.tiff,94,46,glomeruli,265,429,359,475
54f2eec69_7600_5205.tiff,141,92,glomeruli,361,0,502,92
54f2eec69_7600_5552.tiff,12,9,glomeruli,0,466,12,475
54f2eec69_7600_5552.tiff,44,186,glomeruli,651,279,695,465
54f2eec69_7600_5552.tiff,141,92,glomeruli,14,0,155,92
54f2eec69_7600_5899.tiff,112,59,glomeruli,520,416,632,475
54f2eec69_7600_5899.tiff,193,240,glomeruli,304,235,497,475
54f2eec69_7600_6246.tiff,112,59,glomeruli,173,416,285,475
54f2eec69_7600_6246.tiff,150,240,glomeruli,0,235,150,475
54f2eec69_7600_6246.tiff,206,265,glomeruli,481,156,687,421
54f2eec69_7600_6246.tiff,121,31,glomeruli,423,0,544,31
54f2eec69_7600_6593.tiff,206,265,glomeruli,134,156,340,421
54f2eec69_7600_6593.tiff,121,31,glomeruli,76,0,197,31
54f2eec69_7600_6940.tiff,74,170,glomeruli,621,220,695,390
54f2eec69_7600_6940.tiff,133,82,glomeruli,455,0,588,82
54f2eec69_7600_7287.tiff,214,172,glomeruli,274,220,488,392
54f2eec69_7600_7287.tiff,133,82,glomeruli,108,0,241,82
54f2eec69_7600_7634.tiff,199,83,glomeruli,486,392,685,475
54f2eec69_7600_7634.tiff,141,169,glomeruli,0,223,141,392
54f2eec69_7600_7981.tiff,199,83,glomeruli,139,392,338,475
54f2eec69_7600_7981.tiff,56,108,glomeruli,639,44,695,152
54f2eec69_7600_7981.tiff,103,36,glomeruli,440,0,543,36
54f2eec69_7600_8328.tiff,130,115,glomeruli,292,37,422,152
54f2eec69_7600_8328.tiff,103,36,glomeruli,93,0,196,36
54f2eec69_7600_8675.tiff,75,115,glomeruli,0,37,75,152
54f2eec69_8075_3470.tiff,185,133,glomeruli,500,0,685,133
54f2eec69_8075_3817.tiff,150,56,glomeruli,545,419,695,475
54f2eec69_8075_3817.tiff,185,133,glomeruli,153,0,338,133
54f2eec69_8075_4164.tiff,25,10,glomeruli,670,465,695,475
54f2eec69_8075_4164.tiff,194,56,glomeruli,198,419,392,475
54f2eec69_8075_4164.tiff,189,221,glomeruli,382,0,571,221
54f2eec69_8075_4511.tiff,109,17,glomeruli,323,458,432,475
54f2eec69_8075_4511.tiff,45,51,glomeruli,0,424,45,475
54f2eec69_8075_4511.tiff,7,45,glomeruli,688,227,695,272
54f2eec69_8075_4511.tiff,189,221,glomeruli,35,0,224,221
54f2eec69_8075_4858.tiff,85,17,glomeruli,0,458,85,475
54f2eec69_8075_4858.tiff,184,208,glomeruli,511,267,695,475
54f2eec69_8075_4858.tiff,249,209,glomeruli,341,121,590,330
54f2eec69_8075_4858.tiff,105,268,glomeruli,590,0,695,268
54f2eec69_8075_5205.tiff,205,208,glomeruli,164,267,369,475
54f2eec69_8075_5205.tiff,243,209,glomeruli,0,121,243,330
54f2eec69_8075_5205.tiff,201,268,glomeruli,243,0,444,268
54f2eec69_8075_5552.tiff,22,108,glomeruli,0,315,22,423
54f2eec69_8075_5552.tiff,97,181,glomeruli,0,0,97,181
54f2eec69_8075_5899.tiff,74,194,glomeruli,621,35,695,229
54f2eec69_8075_5899.tiff,135,105,glomeruli,503,0,638,105
54f2eec69_8075_5899.tiff,74,19,glomeruli,362,0,436,19
54f2eec69_8075_6246.tiff,188,202,glomeruli,274,29,462,231
54f2eec69_8075_6246.tiff,135,105,glomeruli,156,0,291,105
54f2eec69_8075_6246.tiff,74,19,glomeruli,15,0,89,19
54f2eec69_8075_6593.tiff,115,202,glomeruli,0,29,115,231
54f2eec69_8075_6940.tiff,159,207,glomeruli,536,59,695,266
54f2eec69_8075_7287.tiff,198,207,glomeruli,189,59,387,266
54f2eec69_8075_7634.tiff,40,150,glomeruli,0,70,40,220
54f2eec69_8075_7634.tiff,208,173,glomeruli,487,0,695,173
54f2eec69_8075_7981.tiff,211,173,glomeruli,140,0,351,173
54f2eec69_8075_8328.tiff,4,26,glomeruli,0,41,4,67
54f2eec69_8550_3817.tiff,192,198,glomeruli,503,0,695,198
54f2eec69_8550_4164.tiff,56,190,glomeruli,639,0,695,190
54f2eec69_8550_4164.tiff,403,295,glomeruli,156,0,559,295
54f2eec69_8550_4511.tiff,174,211,glomeruli,292,0,466,211
54f2eec69_8550_4511.tiff,212,295,glomeruli,0,0,212,295
54f2eec69_8550_4858.tiff,130,216,glomeruli,565,83,695,299
54f2eec69_8550_4858.tiff,74,33,glomeruli,553,0,627,33
54f2eec69_8550_4858.tiff,119,211,glomeruli,0,0,119,211
54f2eec69_8550_5205.tiff,161,175,glomeruli,424,288,585,463
54f2eec69_8550_5205.tiff,186,216,glomeruli,218,83,404,299
54f2eec69_8550_5205.tiff,74,33,glomeruli,206,0,280,33
54f2eec69_8550_5552.tiff,161,175,glomeruli,77,288,238,463
54f2eec69_8550_5552.tiff,57,175,glomeruli,0,102,57,277
54f2eec69_8550_5899.tiff,7,83,glomeruli,688,258,695,341
54f2eec69_8550_6246.tiff,164,177,glomeruli,341,191,505,368
54f2eec69_8550_6593.tiff,180,127,glomeruli,495,348,675,475
54f2eec69_8550_6593.tiff,158,177,glomeruli,0,191,158,368
54f2eec69_8550_6940.tiff,180,127,glomeruli,148,348,328,475
54f2eec69_8550_7287.tiff,118,121,glomeruli,546,193,664,314
54f2eec69_8550_7634.tiff,118,121,glomeruli,199,193,317,314
54f2eec69_9025_4164.tiff,175,150,glomeruli,479,114,654,264
54f2eec69_9025_4511.tiff,175,150,glomeruli,132,114,307,264
54f2eec69_9025_6593.tiff,39,187,glomeruli,656,63,695,250
54f2eec69_9025_6593.tiff,176,119,glomeruli,498,0,674,119
54f2eec69_9025_6940.tiff,164,203,glomeruli,309,48,473,251
54f2eec69_9025_6940.tiff,176,119,glomeruli,151,0,327,119
54f2eec69_9025_7287.tiff,126,203,glomeruli,0,48,126,251
54f2eec69_950_3817.tiff,153,182,glomeruli,542,122,695,304
54f2eec69_950_4164.tiff,17,102,glomeruli,678,129,695,231
54f2eec69_950_4164.tiff,184,182,glomeruli,195,122,379,304
54f2eec69_950_4511.tiff,32,115,glomeruli,0,158,32,273
54f2eec69_950_4511.tiff,364,286,glomeruli,331,54,695,340
54f2eec69_950_4858.tiff,64,207,glomeruli,631,243,695,450
54f2eec69_950_4858.tiff,119,186,glomeruli,576,54,695,240
54f2eec69_950_4858.tiff,350,286,glomeruli,0,54,350,340
54f2eec69_950_5205.tiff,3,8,glomeruli,0,185,3,193
54f2eec69_950_5205.tiff,230,404,glomeruli,229,52,459,456
54f2eec69_950_5552.tiff,112,404,glomeruli,0,52,112,456
54f2eec69_9975_4858.tiff,100,115,glomeruli,436,47,536,162
54f2eec69_9975_5205.tiff,100,115,glomeruli,89,47,189,162
54f2eec69_9975_5205.tiff,31,156,glomeruli,664,33,695,189
54f2eec69_9975_5552.tiff,238,203,glomeruli,317,7,555,210
54f2eec69_9975_5899.tiff,113,117,glomeruli,486,29,599,146
54f2eec69_9975_5899.tiff,208,203,glomeruli,0,7,208,210
54f2eec69_9975_6246.tiff,113,117,glomeruli,139,29,252,146
aaa6a05cc_1154_2436.tiff,136,136,glomeruli,7,309,143,445
aaa6a05cc_1154_3654.tiff,106,106,glomeruli,229,53,335,159
aaa6a05cc_1154_3654.tiff,116,41,glomeruli,47,0,163,41
aaa6a05cc_1154_4060.tiff,93,86,glomeruli,282,251,375,337
aaa6a05cc_1731_2030.tiff,107,137,glomeruli,255,355,362,492
aaa6a05cc_1731_2842.tiff,165,147,glomeruli,159,156,324,303
aaa6a05cc_1731_3654.tiff,105,119,glomeruli,221,49,326,168
aaa6a05cc_1731_4060.tiff,30,111,glomeruli,376,47,406,158
aaa6a05cc_1731_4466.tiff,135,120,glomeruli,217,165,352,285
aaa6a05cc_1731_4466.tiff,105,146,glomeruli,0,35,105,181
aaa6a05cc_2308_1624.tiff,71,158,glomeruli,335,380,406,538
aaa6a05cc_2308_2030.tiff,47,145,glomeruli,0,378,47,523
aaa6a05cc_2308_2436.tiff,6,50,glomeruli,400,353,406,403
aaa6a05cc_2308_2842.tiff,139,137,glomeruli,0,329,139,466
aaa6a05cc_2308_3654.tiff,115,122,glomeruli,53,283,168,405
aaa6a05cc_2308_4466.tiff,91,150,glomeruli,210,362,301,512
aaa6a05cc_2308_4466.tiff,84,142,glomeruli,322,9,406,151
aaa6a05cc_2308_4872.tiff,132,130,glomeruli,274,77,406,207
aaa6a05cc_2308_4872.tiff,28,106,glomeruli,0,30,28,136
aaa6a05cc_2308_5278.tiff,7,43,glomeruli,0,118,7,161
aaa6a05cc_2885_1624.tiff,51,109,glomeruli,355,261,406,370
aaa6a05cc_2885_2030.tiff,67,133,glomeruli,339,390,406,523
aaa6a05cc_2885_2030.tiff,49,112,glomeruli,0,261,49,373
aaa6a05cc_2885_2030.tiff,74,128,glomeruli,332,99,406,227
aaa6a05cc_2885_2436.tiff,49,125,glomeruli,0,400,49,525
aaa6a05cc_2885_2436.tiff,174,166,glomeruli,189,319,363,485
aaa6a05cc_2885_2436.tiff,82,122,glomeruli,0,107,82,229
aaa6a05cc_2885_2842.tiff,130,102,glomeruli,268,475,398,577
aaa6a05cc_2885_2842.tiff,145,130,glomeruli,223,260,368,390
aaa6a05cc_2885_3248.tiff,107,111,glomeruli,297,296,404,407
aaa6a05cc_2885_3248.tiff,105,145,glomeruli,41,18,146,163
aaa6a05cc_2885_3654.tiff,31,89,glomeruli,375,478,406,567
aaa6a05cc_2885_4060.tiff,73,99,glomeruli,0,474,73,573
aaa6a05cc_2885_4060.tiff,74,82,glomeruli,290,455,364,537
aaa6a05cc_2885_4060.tiff,157,143,glomeruli,85,258,242,401
aaa6a05cc_2885_4466.tiff,91,94,glomeruli,163,479,254,573
aaa6a05cc_2885_5278.tiff,149,112,glomeruli,101,458,250,570
aaa6a05cc_3462_1218.tiff,127,126,glomeruli,131,235,258,361
aaa6a05cc_3462_1624.tiff,135,136,glomeruli,185,414,320,550
aaa6a05cc_3462_2436.tiff,97,98,glomeruli,289,233,386,331
aaa6a05cc_3462_2842.tiff,115,125,glomeruli,128,446,243,571
aaa6a05cc_3462_2842.tiff,111,60,glomeruli,272,0,383,60
aaa6a05cc_3462_3248.tiff,124,170,glomeruli,46,228,170,398
aaa6a05cc_3462_3248.tiff,114,119,glomeruli,212,176,326,295
aaa6a05cc_3462_3248.tiff,60,151,glomeruli,346,39,406,190
aaa6a05cc_3462_3654.tiff,143,137,glomeruli,58,339,201,476
aaa6a05cc_3462_3654.tiff,174,162,glomeruli,157,121,331,283
aaa6a05cc_3462_3654.tiff,118,162,glomeruli,0,33,118,195
aaa6a05cc_3462_4060.tiff,96,124,glomeruli,71,453,167,577
aaa6a05cc_3462_4060.tiff,233,203,glomeruli,173,374,406,577
aaa6a05cc_3462_4060.tiff,135,127,glomeruli,152,208,287,335
aaa6a05cc_3462_4466.tiff,106,83,glomeruli,228,479,334,562
aaa6a05cc_3462_4466.tiff,18,59,glomeruli,0,479,18,538
aaa6a05cc_3462_4466.tiff,110,105,glomeruli,10,258,120,363
aaa6a05cc_3462_4872.tiff,123,133,glomeruli,76,68,199,201
aaa6a05cc_3462_812.tiff,107,51,glomeruli,95,526,202,577
aaa6a05cc_4039_1218.tiff,125,78,glomeruli,70,499,195,577
aaa6a05cc_4039_1218.tiff,77,84,glomeruli,329,493,406,577
aaa6a05cc_4039_1624.tiff,48,80,glomeruli,0,497,48,577
aaa6a05cc_4039_1624.tiff,153,100,glomeruli,243,108,396,208
aaa6a05cc_4039_2030.tiff,120,93,glomeruli,254,329,374,422
aaa6a05cc_4039_2030.tiff,90,110,glomeruli,121,188,211,298
aaa6a05cc_4039_2436.tiff,151,124,glomeruli,89,421,240,545
aaa6a05cc_4039_2436.tiff,108,91,glomeruli,95,217,203,308
aaa6a05cc_4039_2842.tiff,136,173,glomeruli,18,342,154,515
aaa6a05cc_4039_4060.tiff,5,1,glomeruli,314,0,319,1
aaa6a05cc_4039_4060.tiff,30,9,glomeruli,113,0,143,9
aaa6a05cc_4039_812.tiff,137,118,glomeruli,258,220,395,338
aaa6a05cc_4039_812.tiff,113,74,glomeruli,91,0,204,74
aaa6a05cc_4616_1218.tiff,3,1,glomeruli,157,576,160,577
aaa6a05cc_4616_1218.tiff,74,60,glomeruli,332,0,406,60
aaa6a05cc_4616_1218.tiff,89,16,glomeruli,93,0,182,16
aaa6a05cc_4616_1624.tiff,127,136,glomeruli,219,337,346,473
aaa6a05cc_4616_1624.tiff,19,52,glomeruli,387,331,406,383
aaa6a05cc_4616_1624.tiff,65,142,glomeruli,341,88,406,230
aaa6a05cc_4616_1624.tiff,47,65,glomeruli,0,0,47,65
aaa6a05cc_4616_2030.tiff,92,101,glomeruli,0,310,92,411
aaa6a05cc_4616_2030.tiff,50,145,glomeruli,0,87,50,232
aaa6a05cc_4616_2030.tiff,153,101,glomeruli,40,36,193,137
aaa6a05cc_4616_2436.tiff,124,99,glomeruli,166,470,290,569
aaa6a05cc_4616_2842.tiff,94,136,glomeruli,179,50,273,186
aaa6a05cc_4616_2842.tiff,126,146,glomeruli,20,32,146,178
aaa6a05cc_4616_812.tiff,109,117,glomeruli,26,324,135,441
aaa6a05cc_5193_1218.tiff,80,112,glomeruli,253,366,333,478
aaa6a05cc_5193_1218.tiff,146,126,glomeruli,119,0,265,126
aaa6a05cc_5193_1624.tiff,91,112,glomeruli,49,89,140,201
aaa6a05cc_5193_2030.tiff,134,121,glomeruli,216,187,350,308
aaa6a05cc_5193_2436.tiff,24,95,glomeruli,382,358,406,453
aaa6a05cc_5193_2842.tiff,73,106,glomeruli,0,358,73,464
aaa6a05cc_5193_812.tiff,128,144,glomeruli,249,29,377,173
aaa6a05cc_5770_1218.tiff,122,53,glomeruli,131,524,253,577
aaa6a05cc_5770_1218.tiff,121,139,glomeruli,27,428,148,567
aaa6a05cc_5770_1218.tiff,87,140,glomeruli,63,283,150,423
aaa6a05cc_5770_2030.tiff,96,129,glomeruli,109,380,205,509
aaa6a05cc_5770_2030.tiff,95,119,glomeruli,28,57,123,176
aaa6a05cc_5770_2436.tiff,82,94,glomeruli,184,270,266,364
aaa6a05cc_5770_2436.tiff,97,113,glomeruli,36,204,133,317
aaa6a05cc_5770_2842.tiff,116,156,glomeruli,43,26,159,182
aaa6a05cc_577_2436.tiff,125,162,glomeruli,112,358,237,520
aaa6a05cc_577_2842.tiff,95,119,glomeruli,311,410,406,529
aaa6a05cc_577_3248.tiff,157,116,glomeruli,31,447,188,563
aaa6a05cc_577_3248.tiff,29,88,glomeruli,0,433,29,521
aaa6a05cc_577_3654.tiff,121,75,glomeruli,44,502,165,577
aaa6a05cc_577_4060.tiff,141,150,glomeruli,74,381,215,531
aaa6a05cc_6347_1218.tiff,5,1,glomeruli,70,576,75,577
aaa6a05cc_6347_1218.tiff,118,63,glomeruli,130,0,248,63
aaa6a05cc_6347_1624.tiff,143,161,glomeruli,13,74,156,235
aaa6a05cc_6347_2030.tiff,83,129,glomeruli,323,53,406,182
aaa6a05cc_6347_2436.tiff,131,120,glomeruli,90,267,221,387
aaa6a05cc_6347_2436.tiff,19,106,glomeruli,0,73,19,179
aaa6a05cc_6347_812.tiff,70,95,glomeruli,320,371,390,466
aaa6a05cc_6924_1218.tiff,29,104,glomeruli,377,468,406,572
aaa6a05cc_6924_1218.tiff,112,154,glomeruli,33,0,145,154
aaa6a05cc_6924_1624.tiff,59,15,glomeruli,207,562,266,577
aaa6a05cc_6924_1624.tiff,98,119,glomeruli,0,458,98,577
aaa6a05cc_6924_1624.tiff,89,89,glomeruli,240,91,329,180
aaa6a05cc_6924_2030.tiff,74,28,glomeruli,9,549,83,577
aaa6a05cc_6924_2030.tiff,148,131,glomeruli,222,444,370,575
aaa6a05cc_6924_2030.tiff,108,113,glomeruli,194,125,302,238
aaa6a05cc_6924_2030.tiff,111,140,glomeruli,295,2,406,142
aaa6a05cc_6924_2436.tiff,36,98,glomeruli,0,28,36,126
aaa6a05cc_7501_1624.tiff,2,44,glomeruli,404,30,406,74
aaa6a05cc_7501_1624.tiff,104,100,glomeruli,202,0,306,100
aaa6a05cc_7501_1624.tiff,88,26,glomeruli,8,0,96,26
aaa6a05cc_7501_2030.tiff,80,103,glomeruli,206,264,286,367
aaa6a05cc_7501_2030.tiff,101,107,glomeruli,0,0,101,107
aaa6a05cc_7501_2436.tiff,99,114,glomeruli,107,174,206,288
aaa6a05cc_7501_2436.tiff,116,100,glomeruli,134,33,250,133
aaa6a05cc_7501_2436.tiff,90,114,glomeruli,316,12,406,126
aaa6a05cc_7501_2842.tiff,1,22,glomeruli,0,70,1,92
cb2d976f4_10355_1548.tiff,131,88,glomeruli,774,457,905,545
cb2d976f4_10355_1548.tiff,195,206,glomeruli,914,305,1109,511
cb2d976f4_10355_1548.tiff,139,92,glomeruli,429,0,568,92
cb2d976f4_10355_15480.tiff,127,33,glomeruli,948,512,1075,545
cb2d976f4_10355_15480.tiff,161,159,glomeruli,781,81,942,240
cb2d976f4_10355_15480.tiff,94,17,glomeruli,1387,0,1481,17
cb2d976f4_10355_16254.tiff,127,33,glomeruli,174,512,301,545
cb2d976f4_10355_16254.tiff,172,158,glomeruli,919,117,1091,275
cb2d976f4_10355_16254.tiff,161,159,glomeruli,7,81,168,240
cb2d976f4_10355_16254.tiff,164,159,glomeruli,953,0,1117,159
cb2d976f4_10355_16254.tiff,94,17,glomeruli,613,0,707,17
cb2d976f4_10355_17028.tiff,172,158,glomeruli,145,117,317,275
cb2d976f4_10355_17028.tiff,164,159,glomeruli,179,0,343,159
cb2d976f4_10355_2322.tiff,131,88,glomeruli,0,457,131,545
cb2d976f4_10355_2322.tiff,87,132,glomeruli,1461,413,1548,545
cb2d976f4_10355_2322.tiff,195,206,glomeruli,140,305,335,511
cb2d976f4_10355_2322.tiff,155,146,glomeruli,1338,91,1493,237
cb2d976f4_10355_2322.tiff,14,13,glomeruli,1534,0,1548,13
cb2d976f4_10355_2322.tiff,151,82,glomeruli,1234,0,1385,82
cb2d976f4_10355_3096.tiff,143,132,glomeruli,687,413,830,545
cb2d976f4_10355_3096.tiff,155,146,glomeruli,564,91,719,237
cb2d976f4_10355_3096.tiff,145,154,glomeruli,827,40,972,194
cb2d976f4_10355_3096.tiff,155,217,glomeruli,1270,27,1425,244
cb2d976f4_10355_3096.tiff,127,33,glomeruli,760,0,887,33
cb2d976f4_10355_3096.tiff,151,82,glomeruli,460,0,611,82
cb2d976f4_10355_3870.tiff,56,132,glomeruli,0,413,56,545
cb2d976f4_10355_3870.tiff,113,156,glomeruli,1092,261,1205,417
cb2d976f4_10355_3870.tiff,119,171,glomeruli,1429,126,1548,297
cb2d976f4_10355_3870.tiff,145,154,glomeruli,53,40,198,194
cb2d976f4_10355_3870.tiff,155,217,glomeruli,496,27,651,244
cb2d976f4_10355_3870.tiff,113,33,glomeruli,0,0,113,33
cb2d976f4_10355_4644.tiff,113,156,glomeruli,318,261,431,417
cb2d976f4_10355_4644.tiff,160,171,glomeruli,655,126,815,297
cb2d976f4_10355_4644.tiff,234,232,glomeruli,1257,0,1491,232
cb2d976f4_10355_5418.tiff,41,123,glomeruli,0,148,41,271
cb2d976f4_10355_5418.tiff,128,24,glomeruli,1010,0,1138,24
cb2d976f4_10355_5418.tiff,234,232,glomeruli,483,0,717,232
cb2d976f4_10355_6192.tiff,128,24,glomeruli,236,0,364,24
cb2d976f4_10355_774.tiff,139,92,glomeruli,1203,0,1342,92
cb2d976f4_10900_1548.tiff,175,237,glomeruli,1053,220,1228,457
cb2d976f4_10900_1548.tiff,120,138,glomeruli,920,52,1040,190
cb2d976f4_10900_1548.tiff,130,111,glomeruli,777,0,907,111
cb2d976f4_10900_15480.tiff,52,107,glomeruli,1496,315,1548,422
cb2d976f4_10900_15480.tiff,152,99,glomeruli,934,0,1086,99
cb2d976f4_10900_16254.tiff,120,108,glomeruli,722,314,842,422
cb2d976f4_10900_16254.tiff,152,99,glomeruli,160,0,312,99
cb2d976f4_10900_17028.tiff,68,108,glomeruli,0,314,68,422
cb2d976f4_10900_17028.tiff,95,99,glomeruli,932,222,1027,321
cb2d976f4_10900_17028.tiff,208,193,glomeruli,1168,15,1376,208
cb2d976f4_10900_17802.tiff,95,99,glomeruli,158,222,253,321
cb2d976f4_10900_17802.tiff,208,193,glomeruli,394,15,602,208
cb2d976f4_10900_2322.tiff,140,144,glomeruli,1289,311,1429,455
cb2d976f4_10900_2322.tiff,175,237,glomeruli,279,220,454,457
cb2d976f4_10900_2322.tiff,120,138,glomeruli,146,52,266,190
cb2d976f4_10900_2322.tiff,81,38,glomeruli,1467,0,1548,38
cb2d976f4_10900_2322.tiff,130,111,glomeruli,3,0,133,111
cb2d976f4_10900_3096.tiff,224,195,glomeruli,846,350,1070,545
cb2d976f4_10900_3096.tiff,140,144,glomeruli,515,311,655,455
cb2d976f4_10900_3096.tiff,153,163,glomeruli,841,54,994,217
cb2d976f4_10900_3096.tiff,97,158,glomeruli,1451,25,1548,183
cb2d976f4_10900_3096.tiff,111,38,glomeruli,693,0,804,38
cb2d976f4_10900_3870.tiff,68,20,glomeruli,1480,525,1548,545
cb2d976f4_10900_3870.tiff,224,195,glomeruli,72,350,296,545
cb2d976f4_10900_3870.tiff,153,163,glomeruli,67,54,220,217
cb2d976f4_10900_3870.tiff,129,158,glomeruli,677,25,806,183
cb2d976f4_10900_3870.tiff,30,20,glomeruli,0,0,30,20
cb2d976f4_10900_4644.tiff,97,22,glomeruli,706,523,803,545
cb2d976f4_10900_4644.tiff,128,167,glomeruli,1030,318,1158,485
cb2d976f4_10900_4644.tiff,32,135,glomeruli,0,38,32,173
cb2d976f4_10900_5418.tiff,29,22,glomeruli,0,523,29,545
cb2d976f4_10900_5418.tiff,128,167,glomeruli,256,318,384,485
cb2d976f4_10900_5418.tiff,35,102,glomeruli,1513,17,1548,119
cb2d976f4_10900_6192.tiff,17,58,glomeruli,1531,487,1548,545
cb2d976f4_10900_6192.tiff,159,171,glomeruli,1389,267,1548,438
cb2d976f4_10900_6192.tiff,180,194,glomeruli,774,249,954,443
cb2d976f4_10900_6192.tiff,161,133,glomeruli,1255,198,1416,331
cb2d976f4_10900_6192.tiff,170,191,glomeruli,884,57,1054,248
cb2d976f4_10900_6192.tiff,155,131,glomeruli,739,1,894,132
cb2d976f4_10900_6966.tiff,139,83,glomeruli,757,462,896,545
cb2d976f4_10900_6966.tiff,197,171,glomeruli,615,267,812,438
cb2d976f4_10900_6966.tiff,180,194,glomeruli,0,249,180,443
cb2d976f4_10900_6966.tiff,161,133,glomeruli,481,198,642,331
cb2d976f4_10900_6966.tiff,163,179,glomeruli,1385,169,1548,348
cb2d976f4_10900_6966.tiff,149,172,glomeruli,991,130,1140,302
cb2d976f4_10900_6966.tiff,170,191,glomeruli,110,57,280,248
cb2d976f4_10900_6966.tiff,120,131,glomeruli,0,1,120,132
cb2d976f4_10900_7740.tiff,122,83,glomeruli,0,462,122,545
cb2d976f4_10900_7740.tiff,38,157,glomeruli,0,273,38,430
cb2d976f4_10900_7740.tiff,220,179,glomeruli,611,169,831,348
cb2d976f4_10900_7740.tiff,149,172,glomeruli,217,130,366,302
cb2d976f4_10900_8514.tiff,57,151,glomeruli,0,183,57,334
cb2d976f4_11445_1548.tiff,137,84,glomeruli,1159,461,1296,545
cb2d976f4_11445_1548.tiff,189,213,glomeruli,893,210,1082,423
cb2d976f4_11445_15480.tiff,153,172,glomeruli,1395,279,1548,451
cb2d976f4_11445_15480.tiff,201,132,glomeruli,1241,129,1442,261
cb2d976f4_11445_16254.tiff,126,159,glomeruli,1422,334,1548,493
cb2d976f4_11445_16254.tiff,205,172,glomeruli,621,279,826,451
cb2d976f4_11445_16254.tiff,201,187,glomeruli,859,263,1060,450
cb2d976f4_11445_16254.tiff,201,132,glomeruli,467,129,668,261
cb2d976f4_11445_16254.tiff,171,177,glomeruli,1305,100,1476,277
cb2d976f4_11445_17028.tiff,129,159,glomeruli,648,334,777,493
cb2d976f4_11445_17028.tiff,52,159,glomeruli,0,290,52,449
cb2d976f4_11445_17028.tiff,201,187,glomeruli,85,263,286,450
cb2d976f4_11445_17028.tiff,143,144,glomeruli,1173,242,1316,386
cb2d976f4_11445_17028.tiff,171,177,glomeruli,531,100,702,277
cb2d976f4_11445_17802.tiff,178,73,glomeruli,1353,472,1531,545
cb2d976f4_11445_17802.tiff,3,26,glomeruli,0,413,3,439
cb2d976f4_11445_17802.tiff,140,121,glomeruli,852,377,992,498
cb2d976f4_11445_17802.tiff,197,175,glomeruli,1272,253,1469,428
cb2d976f4_11445_17802.tiff,143,144,glomeruli,399,242,542,386
cb2d976f4_11445_18576.tiff,178,73,glomeruli,579,472,757,545
cb2d976f4_11445_18576.tiff,140,121,glomeruli,78,377,218,498
cb2d976f4_11445_18576.tiff,197,175,glomeruli,498,253,695,428
cb2d976f4_11445_2322.tiff,133,34,glomeruli,1301,511,1434,545
cb2d976f4_11445_2322.tiff,137,84,glomeruli,385,461,522,545
cb2d976f4_11445_2322.tiff,189,213,glomeruli,119,210,308,423
cb2d976f4_11445_2322.tiff,167,166,glomeruli,968,145,1135,311
cb2d976f4_11445_2322.tiff,165,198,glomeruli,1383,12,1548,210
cb2d976f4_11445_3096.tiff,133,34,glomeruli,527,511,660,545
cb2d976f4_11445_3096.tiff,222,238,glomeruli,993,208,1215,446
cb2d976f4_11445_3096.tiff,167,166,glomeruli,194,145,361,311
cb2d976f4_11445_3096.tiff,200,198,glomeruli,609,12,809,210
cb2d976f4_11445_3096.tiff,214,177,glomeruli,874,0,1088,177
cb2d976f4_11445_3870.tiff,204,96,glomeruli,1102,449,1306,545
cb2d976f4_11445_3870.tiff,119,109,glomeruli,809,436,928,545
cb2d976f4_11445_3870.tiff,116,136,glomeruli,1235,283,1351,419
cb2d976f4_11445_3870.tiff,222,238,glomeruli,219,208,441,446
cb2d976f4_11445_3870.tiff,35,139,glomeruli,0,45,35,184
cb2d976f4_11445_3870.tiff,107,133,glomeruli,1441,0,1548,133
cb2d976f4_11445_3870.tiff,214,177,glomeruli,100,0,314,177
cb2d976f4_11445_4644.tiff,204,96,glomeruli,328,449,532,545
cb2d976f4_11445_4644.tiff,119,109,glomeruli,35,436,154,545
cb2d976f4_11445_4644.tiff,182,145,glomeruli,1366,400,1548,545
cb2d976f4_11445_4644.tiff,116,136,glomeruli,461,283,577,419
cb2d976f4_11445_4644.tiff,185,133,glomeruli,667,0,852,133
cb2d976f4_11445_5418.tiff,220,145,glomeruli,592,400,812,545
cb2d976f4_11445_5418.tiff,78,126,glomeruli,0,0,78,126
cb2d976f4_11445_6192.tiff,217,106,glomeruli,1233,439,1450,545
cb2d976f4_11445_6192.tiff,38,127,glomeruli,0,418,38,545
cb2d976f4_11445_6192.tiff,14,42,glomeruli,1534,0,1548,42
cb2d976f4_11445_6966.tiff,217,106,glomeruli,459,439,676,545
cb2d976f4_11445_6966.tiff,140,83,glomeruli,760,0,900,83
cb2d976f4_11445_7740.tiff,126,83,glomeruli,0,0,126,83
cb2d976f4_11990_1548.tiff,133,169,glomeruli,1415,376,1548,545
cb2d976f4_11990_1548.tiff,132,42,glomeruli,1160,0,1292,42
cb2d976f4_11990_16254.tiff,65,34,glomeruli,1088,511,1153,545
cb2d976f4_11990_16254.tiff,17,59,glomeruli,1531,17,1548,76
cb2d976f4_11990_17028.tiff,65,34,glomeruli,314,511,379,545
cb2d976f4_11990_17028.tiff,80,98,glomeruli,918,92,998,190
cb2d976f4_11990_17028.tiff,90,80,glomeruli,757,12,847,92
cb2d976f4_11990_17802.tiff,278,225,glomeruli,802,299,1080,524
cb2d976f4_11990_17802.tiff,80,98,glomeruli,144,92,224,190
cb2d976f4_11990_17802.tiff,73,80,glomeruli,0,12,73,92
cb2d976f4_11990_17802.tiff,189,100,glomeruli,1352,0,1541,100
cb2d976f4_11990_18576.tiff,278,225,glomeruli,28,299,306,524
cb2d976f4_11990_18576.tiff,194,127,glomeruli,799,207,993,334
cb2d976f4_11990_18576.tiff,189,100,glomeruli,578,0,767,100
cb2d976f4_11990_19350.tiff,194,127,glomeruli,25,207,219,334
cb2d976f4_11990_2322.tiff,171,169,glomeruli,641,376,812,545
cb2d976f4_11990_2322.tiff,16,110,glomeruli,1532,147,1548,257
cb2d976f4_11990_2322.tiff,182,200,glomeruli,1267,0,1449,200
cb2d976f4_11990_2322.tiff,132,42,glomeruli,386,0,518,42
cb2d976f4_11990_3096.tiff,38,113,glomeruli,0,424,38,537
cb2d976f4_11990_3096.tiff,115,159,glomeruli,758,131,873,290
cb2d976f4_11990_3096.tiff,182,200,glomeruli,493,0,675,200
cb2d976f4_11990_3870.tiff,99,159,glomeruli,0,131,99,290
cb2d976f4_11990_3870.tiff,203,99,glomeruli,1100,0,1303,99
cb2d976f4_11990_3870.tiff,86,29,glomeruli,825,0,911,29
cb2d976f4_11990_4644.tiff,207,165,glomeruli,846,380,1053,545
cb2d976f4_11990_4644.tiff,181,162,glomeruli,1236,304,1417,466
cb2d976f4_11990_4644.tiff,181,84,glomeruli,1367,0,1548,84
cb2d976f4_11990_4644.tiff,203,99,glomeruli,326,0,529,99
cb2d976f4_11990_4644.tiff,86,29,glomeruli,51,0,137,29
cb2d976f4_11990_5418.tiff,128,125,glomeruli,1420,420,1548,545
cb2d976f4_11990_5418.tiff,207,165,glomeruli,72,380,279,545
cb2d976f4_11990_5418.tiff,182,169,glomeruli,1230,311,1412,480
cb2d976f4_11990_5418.tiff,181,162,glomeruli,462,304,643,466
cb2d976f4_11990_5418.tiff,225,84,glomeruli,593,0,818,84
cb2d976f4_11990_6192.tiff,19,121,glomeruli,1529,424,1548,545
cb2d976f4_11990_6192.tiff,219,125,glomeruli,646,420,865,545
cb2d976f4_11990_6192.tiff,266,154,glomeruli,1185,391,1451,545
cb2d976f4_11990_6192.tiff,182,169,glomeruli,456,311,638,480
cb2d976f4_11990_6192.tiff,9,60,glomeruli,1539,148,1548,208
cb2d976f4_11990_6192.tiff,222,91,glomeruli,1227,0,1449,91
cb2d976f4_11990_6192.tiff,44,79,glomeruli,0,0,44,79
cb2d976f4_11990_6966.tiff,111,29,glomeruli,958,516,1069,545
cb2d976f4_11990_6966.tiff,91,117,glomeruli,0,428,91,545
cb2d976f4_11990_6966.tiff,200,154,glomeruli,755,391,955,545
cb2d976f4_11990_6966.tiff,266,154,glomeruli,411,391,677,545
cb2d976f4_11990_6966.tiff,27,121,glomeruli,1521,371,1548,492
cb2d976f4_11990_6966.tiff,130,109,glomeruli,1161,133,1291,242
cb2d976f4_11990_6966.tiff,159,122,glomeruli,765,118,924,240
cb2d976f4_11990_6966.tiff,41,101,glomeruli,1507,41,1548,142
cb2d976f4_11990_6966.tiff,222,91,glomeruli,453,0,675,91
cb2d976f4_11990_7740.tiff,111,29,glomeruli,184,516,295,545
cb2d976f4_11990_7740.tiff,181,154,glomeruli,0,391,181,545
cb2d976f4_11990_7740.tiff,228,173,glomeruli,1093,372,1321,545
cb2d976f4_11990_7740.tiff,126,150,glomeruli,747,362,873,512
cb2d976f4_11990_7740.tiff,130,109,glomeruli,387,133,517,242
cb2d976f4_11990_7740.tiff,150,122,glomeruli,0,118,150,240
cb2d976f4_11990_7740.tiff,207,183,glomeruli,733,5,940,188
cb2d976f4_11990_8514.tiff,228,173,glomeruli,319,372,547,545
cb2d976f4_11990_8514.tiff,99,150,glomeruli,0,362,99,512
cb2d976f4_11990_8514.tiff,166,183,glomeruli,0,5,166,188
cb2d976f4_12535_1548.tiff,30,3,glomeruli,1464,0,1494,3
cb2d976f4_12535_16254.tiff,191,154,glomeruli,1096,174,1287,328
cb2d976f4_12535_16254.tiff,216,143,glomeruli,1051,0,1267,143
cb2d976f4_12535_17028.tiff,75,24,glomeruli,1141,521,1216,545
cb2d976f4_12535_17028.tiff,109,172,glomeruli,1439,270,1548,442
cb2d976f4_12535_17028.tiff,191,154,glomeruli,322,174,513,328
cb2d976f4_12535_17028.tiff,216,143,glomeruli,277,0,493,143
cb2d976f4_12535_17802.tiff,75,24,glomeruli,367,521,442,545
cb2d976f4_12535_17802.tiff,136,89,glomeruli,1304,456,1440,545
cb2d976f4_12535_17802.tiff,155,172,glomeruli,665,270,820,442
cb2d976f4_12535_18576.tiff,136,89,glomeruli,530,456,666,545
cb2d976f4_12535_18576.tiff,46,154,glomeruli,0,284,46,438
cb2d976f4_12535_2322.tiff,38,88,glomeruli,1510,123,1548,211
cb2d976f4_12535_2322.tiff,30,3,glomeruli,690,0,720,3
cb2d976f4_12535_3096.tiff,105,104,glomeruli,736,107,841,211
cb2d976f4_12535_3870.tiff,67,104,glomeruli,0,107,67,211
cb2d976f4_12535_3870.tiff,85,153,glomeruli,1463,44,1548,197
cb2d976f4_12535_4644.tiff,161,157,glomeruli,689,41,850,198
cb2d976f4_12535_4644.tiff,148,67,glomeruli,845,0,993,67
cb2d976f4_12535_5418.tiff,212,100,glomeruli,807,445,1019,545
cb2d976f4_12535_5418.tiff,137,131,glomeruli,1219,340,1356,471
cb2d976f4_12535_5418.tiff,18,88,glomeruli,1530,240,1548,328
cb2d976f4_12535_5418.tiff,223,211,glomeruli,921,171,1144,382
cb2d976f4_12535_5418.tiff,76,157,glomeruli,0,41,76,198
cb2d976f4_12535_5418.tiff,184,170,glomeruli,779,29,963,199
cb2d976f4_12535_5418.tiff,111,74,glomeruli,1437,0,1548,74
cb2d976f4_12535_5418.tiff,148,67,glomeruli,71,0,219,67
cb2d976f4_12535_6192.tiff,109,28,glomeruli,1071,517,1180,545
cb2d976f4_12535_6192.tiff,212,100,glomeruli,33,445,245,545
cb2d976f4_12535_6192.tiff,137,131,glomeruli,445,340,582,471
cb2d976f4_12535_6192.tiff,223,179,glomeruli,756,224,979,403
cb2d976f4_12535_6192.tiff,223,211,glomeruli,147,171,370,382
cb2d976f4_12535_6192.tiff,184,170,glomeruli,5,29,189,199
cb2d976f4_12535_6192.tiff,7,5,glomeruli,1541,0,1548,5
cb2d976f4_12535_6192.tiff,131,29,glomeruli,1272,0,1403,29
cb2d976f4_12535_6192.tiff,197,74,glomeruli,663,0,860,74
cb2d976f4_12535_6966.tiff,27,7,glomeruli,950,538,977,545
cb2d976f4_12535_6966.tiff,109,28,glomeruli,297,517,406,545
cb2d976f4_12535_6966.tiff,162,132,glomeruli,1160,413,1322,545
cb2d976f4_12535_6966.tiff,205,179,glomeruli,0,224,205,403
cb2d976f4_12535_6966.tiff,171,127,glomeruli,939,0,1110,127
cb2d976f4_12535_6966.tiff,177,29,glomeruli,767,0,944,29
cb2d976f4_12535_6966.tiff,131,29,glomeruli,498,0,629,29
cb2d976f4_12535_6966.tiff,86,74,glomeruli,0,0,86,74
cb2d976f4_12535_7740.tiff,27,7,glomeruli,176,538,203,545
cb2d976f4_12535_7740.tiff,162,132,glomeruli,386,413,548,545
cb2d976f4_12535_7740.tiff,126,12,glomeruli,1168,0,1294,12
cb2d976f4_12535_7740.tiff,171,127,glomeruli,165,0,336,127
cb2d976f4_12535_7740.tiff,170,29,glomeruli,0,0,170,29
cb2d976f4_12535_8514.tiff,126,12,glomeruli,394,0,520,12
cb2d976f4_13080_17028.tiff,108,127,glomeruli,1440,418,1548,545
cb2d976f4_13080_17028.tiff,85,59,glomeruli,1131,0,1216,59
cb2d976f4_13080_17802.tiff,189,127,glomeruli,666,418,855,545
cb2d976f4_13080_17802.tiff,119,117,glomeruli,1110,197,1229,314
cb2d976f4_13080_17802.tiff,175,136,glomeruli,894,124,1069,260
cb2d976f4_13080_17802.tiff,87,18,glomeruli,1321,0,1408,18
cb2d976f4_13080_17802.tiff,85,59,glomeruli,357,0,442,59
cb2d976f4_13080_18576.tiff,81,126,glomeruli,0,419,81,545
cb2d976f4_13080_18576.tiff,119,117,glomeruli,336,197,455,314
cb2d976f4_13080_18576.tiff,175,136,glomeruli,120,124,295,260
cb2d976f4_13080_18576.tiff,87,18,glomeruli,547,0,634,18
cb2d976f4_13080_2322.tiff,126,38,glomeruli,1043,507,1169,545
cb2d976f4_13080_3096.tiff,126,38,glomeruli,269,507,395,545
cb2d976f4_13080_3096.tiff,112,111,glomeruli,1436,178,1548,289
cb2d976f4_13080_3096.tiff,213,181,glomeruli,995,172,1208,353
cb2d976f4_13080_3870.tiff,59,149,glomeruli,1489,267,1548,416
cb2d976f4_13080_3870.tiff,166,111,glomeruli,662,178,828,289
cb2d976f4_13080_3870.tiff,213,181,glomeruli,221,172,434,353
cb2d976f4_13080_4644.tiff,147,165,glomeruli,715,252,862,417
cb2d976f4_13080_4644.tiff,54,104,glomeruli,0,179,54,283
cb2d976f4_13080_5418.tiff,88,165,glomeruli,0,252,88,417
cb2d976f4_13080_5418.tiff,144,124,glomeruli,1229,62,1373,186
cb2d976f4_13080_5418.tiff,173,61,glomeruli,827,0,1000,61
cb2d976f4_13080_6192.tiff,41,20,glomeruli,1507,525,1548,545
cb2d976f4_13080_6192.tiff,144,124,glomeruli,455,62,599,186
cb2d976f4_13080_6192.tiff,136,129,glomeruli,1055,0,1191,129
cb2d976f4_13080_6192.tiff,173,61,glomeruli,53,0,226,61
cb2d976f4_13080_6966.tiff,120,20,glomeruli,733,525,853,545
cb2d976f4_13080_6966.tiff,173,85,glomeruli,1279,460,1452,545
cb2d976f4_13080_6966.tiff,175,144,glomeruli,1255,112,1430,256
cb2d976f4_13080_6966.tiff,50,5,glomeruli,1233,0,1283,5
cb2d976f4_13080_6966.tiff,187,171,glomeruli,880,0,1067,171
cb2d976f4_13080_6966.tiff,136,129,glomeruli,281,0,417,129
cb2d976f4_13080_7740.tiff,16,2,glomeruli,1104,543,1120,545
cb2d976f4_13080_7740.tiff,79,20,glomeruli,0,525,79,545
cb2d976f4_13080_7740.tiff,136,59,glomeruli,1301,486,1437,545
cb2d976f4_13080_7740.tiff,173,85,glomeruli,505,460,678,545
cb2d976f4_13080_7740.tiff,175,144,glomeruli,481,112,656,256
cb2d976f4_13080_7740.tiff,50,5,glomeruli,459,0,509,5
cb2d976f4_13080_7740.tiff,187,171,glomeruli,106,0,293,171
cb2d976f4_13080_8514.tiff,16,2,glomeruli,330,543,346,545
cb2d976f4_13080_8514.tiff,136,59,glomeruli,527,486,663,545
cb2d976f4_13625_17028.tiff,69,14,glomeruli,1479,0,1548,14
cb2d976f4_13625_17802.tiff,106,14,glomeruli,705,0,811,14
cb2d976f4_13625_18576.tiff,37,13,glomeruli,0,0,37,13
cb2d976f4_13625_2322.tiff,160,89,glomeruli,1388,456,1548,545
cb2d976f4_13625_2322.tiff,161,148,glomeruli,1022,0,1183,148
cb2d976f4_13625_3096.tiff,193,89,glomeruli,614,456,807,545
cb2d976f4_13625_3096.tiff,217,131,glomeruli,1243,414,1460,545
cb2d976f4_13625_3096.tiff,167,156,glomeruli,820,223,987,379
cb2d976f4_13625_3096.tiff,224,168,glomeruli,1282,136,1506,304
cb2d976f4_13625_3096.tiff,161,148,glomeruli,248,0,409,148
cb2d976f4_13625_3870.tiff,33,70,glomeruli,0,475,33,545
cb2d976f4_13625_3870.tiff,117,112,glomeruli,1063,433,1180,545
cb2d976f4_13625_3870.tiff,217,131,glomeruli,469,414,686,545
cb2d976f4_13625_3870.tiff,167,156,glomeruli,46,223,213,379
cb2d976f4_13625_3870.tiff,174,161,glomeruli,1154,203,1328,364
cb2d976f4_13625_3870.tiff,224,168,glomeruli,508,136,732,304
cb2d976f4_13625_3870.tiff,157,164,glomeruli,978,56,1135,220
cb2d976f4_13625_4644.tiff,117,112,glomeruli,289,433,406,545
cb2d976f4_13625_4644.tiff,174,161,glomeruli,380,203,554,364
cb2d976f4_13625_4644.tiff,172,141,glomeruli,1060,81,1232,222
cb2d976f4_13625_4644.tiff,157,164,glomeruli,204,56,361,220
cb2d976f4_13625_5418.tiff,39,18,glomeruli,1509,527,1548,545
cb2d976f4_13625_5418.tiff,170,150,glomeruli,791,258,961,408
cb2d976f4_13625_5418.tiff,172,141,glomeruli,286,81,458,222
cb2d976f4_13625_6192.tiff,85,18,glomeruli,735,527,820,545
cb2d976f4_13625_6192.tiff,200,177,glomeruli,1341,368,1541,545
cb2d976f4_13625_6192.tiff,170,150,glomeruli,17,258,187,408
cb2d976f4_13625_6192.tiff,90,127,glomeruli,1458,0,1548,127
cb2d976f4_13625_6966.tiff,46,15,glomeruli,0,530,46,545
cb2d976f4_13625_6966.tiff,200,177,glomeruli,567,368,767,545
cb2d976f4_13625_6966.tiff,207,166,glomeruli,846,62,1053,228
cb2d976f4_13625_6966.tiff,176,80,glomeruli,1278,0,1454,80
cb2d976f4_13625_6966.tiff,186,129,glomeruli,684,0,870,129
cb2d976f4_13625_7740.tiff,207,166,glomeruli,72,62,279,228
cb2d976f4_13625_7740.tiff,171,124,glomeruli,1301,0,1472,124
cb2d976f4_13625_7740.tiff,196,205,glomeruli,1046,0,1242,205
cb2d976f4_13625_7740.tiff,176,80,glomeruli,504,0,680,80
cb2d976f4_13625_7740.tiff,96,129,glomeruli,0,0,96,129
cb2d976f4_13625_8514.tiff,171,124,glomeruli,527,0,698,124
cb2d976f4_13625_8514.tiff,196,205,glomeruli,272,0,468,205
cb2d976f4_14170_2322.tiff,164,136,glomeruli,1384,0,1548,136
cb2d976f4_14170_3096.tiff,210,80,glomeruli,1250,0,1460,80
cb2d976f4_14170_3096.tiff,199,136,glomeruli,610,0,809,136
cb2d976f4_14170_3870.tiff,145,41,glomeruli,1003,504,1148,545
cb2d976f4_14170_3870.tiff,237,197,glomeruli,777,217,1014,414
cb2d976f4_14170_3870.tiff,52,113,glomeruli,1496,190,1548,303
cb2d976f4_14170_3870.tiff,52,7,glomeruli,1093,0,1145,7
cb2d976f4_14170_3870.tiff,210,80,glomeruli,476,0,686,80
cb2d976f4_14170_3870.tiff,35,74,glomeruli,0,0,35,74
cb2d976f4_14170_4644.tiff,67,14,glomeruli,978,531,1045,545
cb2d976f4_14170_4644.tiff,145,41,glomeruli,229,504,374,545
cb2d976f4_14170_4644.tiff,237,197,glomeruli,3,217,240,414
cb2d976f4_14170_4644.tiff,189,211,glomeruli,843,204,1032,415
cb2d976f4_14170_4644.tiff,111,117,glomeruli,722,188,833,305
cb2d976f4_14170_4644.tiff,40,129,glomeruli,1508,66,1548,195
cb2d976f4_14170_4644.tiff,52,7,glomeruli,319,0,371,7
cb2d976f4_14170_5418.tiff,67,14,glomeruli,204,531,271,545
cb2d976f4_14170_5418.tiff,173,163,glomeruli,951,382,1124,545
cb2d976f4_14170_5418.tiff,189,211,glomeruli,69,204,258,415
cb2d976f4_14170_5418.tiff,59,117,glomeruli,0,188,59,305
cb2d976f4_14170_5418.tiff,147,158,glomeruli,1255,158,1402,316
cb2d976f4_14170_5418.tiff,176,153,glomeruli,734,51,910,204
cb2d976f4_14170_5418.tiff,67,183,glomeruli,1481,0,1548,183
cb2d976f4_14170_6192.tiff,60,9,glomeruli,1247,536,1307,545
cb2d976f4_14170_6192.tiff,173,163,glomeruli,177,382,350,545
cb2d976f4_14170_6192.tiff,205,217,glomeruli,931,247,1136,464
cb2d976f4_14170_6192.tiff,116,132,glomeruli,1118,201,1234,333
cb2d976f4_14170_6192.tiff,147,158,glomeruli,481,158,628,316
cb2d976f4_14170_6192.tiff,136,153,glomeruli,0,51,136,204
cb2d976f4_14170_6192.tiff,140,36,glomeruli,1388,0,1528,36
cb2d976f4_14170_6192.tiff,164,187,glomeruli,707,0,871,187
cb2d976f4_14170_6966.tiff,60,9,glomeruli,473,536,533,545
cb2d976f4_14170_6966.tiff,75,47,glomeruli,1012,498,1087,545
cb2d976f4_14170_6966.tiff,92,131,glomeruli,956,309,1048,440
cb2d976f4_14170_6966.tiff,216,181,glomeruli,1297,268,1513,449
cb2d976f4_14170_6966.tiff,205,217,glomeruli,157,247,362,464
cb2d976f4_14170_6966.tiff,116,132,glomeruli,344,201,460,333
cb2d976f4_14170_6966.tiff,140,36,glomeruli,614,0,754,36
cb2d976f4_14170_6966.tiff,97,187,glomeruli,0,0,97,187
cb2d976f4_14170_7740.tiff,75,47,glomeruli,238,498,313,545
cb2d976f4_14170_7740.tiff,92,131,glomeruli,182,309,274,440
cb2d976f4_14170_7740.tiff,216,181,glomeruli,523,268,739,449
cb2d976f4_14170_7740.tiff,197,148,glomeruli,886,199,1083,347
cb2d976f4_14170_8514.tiff,197,148,glomeruli,112,199,309,347
cb2d976f4_14715_10062.tiff,121,91,glomeruli,1427,278,1548,369
cb2d976f4_14715_10836.tiff,126,91,glomeruli,653,278,779,369
cb2d976f4_14715_11610.tiff,5,39,glomeruli,0,299,5,338
cb2d976f4_14715_16254.tiff,76,149,glomeruli,1472,396,1548,545
cb2d976f4_14715_17028.tiff,182,160,glomeruli,698,385,880,545
cb2d976f4_14715_17802.tiff,106,160,glomeruli,0,385,106,545
cb2d976f4_14715_18576.tiff,131,128,glomeruli,780,367,911,495
cb2d976f4_14715_19350.tiff,131,128,glomeruli,6,367,137,495
cb2d976f4_14715_3870.tiff,135,140,glomeruli,1413,405,1548,545
cb2d976f4_14715_3870.tiff,171,110,glomeruli,999,0,1170,110
cb2d976f4_14715_4644.tiff,142,140,glomeruli,639,405,781,545
cb2d976f4_14715_4644.tiff,156,150,glomeruli,1017,325,1173,475
cb2d976f4_14715_4644.tiff,141,142,glomeruli,967,0,1108,142
cb2d976f4_14715_4644.tiff,171,110,glomeruli,225,0,396,110
cb2d976f4_14715_5418.tiff,7,53,glomeruli,0,454,7,507
cb2d976f4_14715_5418.tiff,168,169,glomeruli,1102,376,1270,545
cb2d976f4_14715_5418.tiff,156,150,glomeruli,243,325,399,475
cb2d976f4_14715_5418.tiff,125,30,glomeruli,997,0,1122,30
cb2d976f4_14715_5418.tiff,141,142,glomeruli,193,0,334,142
cb2d976f4_14715_6192.tiff,162,61,glomeruli,942,484,1104,545
cb2d976f4_14715_6192.tiff,168,169,glomeruli,328,376,496,545
cb2d976f4_14715_6192.tiff,165,170,glomeruli,1279,244,1444,414
cb2d976f4_14715_6192.tiff,186,198,glomeruli,924,153,1110,351
cb2d976f4_14715_6192.tiff,173,206,glomeruli,1223,0,1396,206
cb2d976f4_14715_6192.tiff,125,30,glomeruli,223,0,348,30
cb2d976f4_14715_6966.tiff,162,61,glomeruli,168,484,330,545
cb2d976f4_14715_6966.tiff,165,170,glomeruli,505,244,670,414
cb2d976f4_14715_6966.tiff,186,198,glomeruli,150,153,336,351
cb2d976f4_14715_6966.tiff,64,28,glomeruli,1016,0,1080,28
cb2d976f4_14715_6966.tiff,173,206,glomeruli,449,0,622,206
cb2d976f4_14715_7740.tiff,186,173,glomeruli,852,283,1038,456
cb2d976f4_14715_7740.tiff,190,232,glomeruli,1220,80,1410,312
cb2d976f4_14715_7740.tiff,64,28,glomeruli,242,0,306,28
cb2d976f4_14715_8514.tiff,186,173,glomeruli,78,283,264,456
cb2d976f4_14715_8514.tiff,190,232,glomeruli,446,80,636,312
cb2d976f4_15260_16254.tiff,62,20,glomeruli,1486,0,1548,20
cb2d976f4_15260_17028.tiff,154,109,glomeruli,833,436,987,545
cb2d976f4_15260_17028.tiff,25,156,glomeruli,1523,344,1548,500
cb2d976f4_15260_17028.tiff,196,234,glomeruli,1109,216,1305,450
cb2d976f4_15260_17028.tiff,152,29,glomeruli,712,0,864,29
cb2d976f4_15260_17802.tiff,154,109,glomeruli,59,436,213,545
cb2d976f4_15260_17802.tiff,150,190,glomeruli,749,326,899,516
cb2d976f4_15260_17802.tiff,196,234,glomeruli,335,216,531,450
cb2d976f4_15260_17802.tiff,90,29,glomeruli,0,0,90,29
cb2d976f4_15260_18576.tiff,125,190,glomeruli,0,326,125,516
cb2d976f4_15260_3870.tiff,103,76,glomeruli,1144,366,1247,442
cb2d976f4_15260_3870.tiff,109,42,glomeruli,1427,0,1536,42
cb2d976f4_15260_4644.tiff,103,76,glomeruli,370,366,473,442
cb2d976f4_15260_4644.tiff,131,146,glomeruli,1410,46,1541,192
cb2d976f4_15260_4644.tiff,109,42,glomeruli,653,0,762,42
cb2d976f4_15260_5418.tiff,165,199,glomeruli,1061,86,1226,285
cb2d976f4_15260_5418.tiff,131,146,glomeruli,636,46,767,192
cb2d976f4_15260_5418.tiff,141,54,glomeruli,1121,0,1262,54
cb2d976f4_15260_6192.tiff,165,199,glomeruli,287,86,452,285
cb2d976f4_15260_6192.tiff,154,114,glomeruli,1286,7,1440,121
cb2d976f4_15260_6192.tiff,187,116,glomeruli,920,0,1107,116
cb2d976f4_15260_6192.tiff,141,54,glomeruli,347,0,488,54
cb2d976f4_15260_6966.tiff,154,114,glomeruli,512,7,666,121
cb2d976f4_15260_6966.tiff,187,116,glomeruli,146,0,333,116
cb2d976f4_15805_16254.tiff,112,125,glomeruli,1436,365,1548,490
cb2d976f4_15805_16254.tiff,19,84,glomeruli,1529,281,1548,365
cb2d976f4_15805_17028.tiff,134,125,glomeruli,662,365,796,490
cb2d976f4_15805_17028.tiff,126,121,glomeruli,1142,351,1268,472
cb2d976f4_15805_17028.tiff,134,146,glomeruli,755,269,889,415
cb2d976f4_15805_17028.tiff,154,79,glomeruli,833,0,987,79
cb2d976f4_15805_17802.tiff,22,94,glomeruli,0,385,22,479
cb2d976f4_15805_17802.tiff,126,121,glomeruli,368,351,494,472
cb2d976f4_15805_17802.tiff,115,146,glomeruli,0,269,115,415
cb2d976f4_15805_17802.tiff,154,79,glomeruli,59,0,213,79
cb2d976f4_15805_7740.tiff,20,18,glomeruli,1213,122,1233,140
cb2d976f4_15805_8514.tiff,20,18,glomeruli,439,122,459,140
cb2d976f4_3270_4644.tiff,226,167,glomeruli,944,242,1170,409
cb2d976f4_3270_4644.tiff,168,136,glomeruli,944,108,1112,244
cb2d976f4_3270_4644.tiff,181,127,glomeruli,1068,30,1249,157
cb2d976f4_3270_5418.tiff,155,155,glomeruli,799,390,954,545
cb2d976f4_3270_5418.tiff,226,167,glomeruli,170,242,396,409
cb2d976f4_3270_5418.tiff,168,136,glomeruli,170,108,338,244
cb2d976f4_3270_5418.tiff,181,127,glomeruli,294,30,475,157
cb2d976f4_3270_6192.tiff,155,155,glomeruli,25,390,180,545
cb2d976f4_3815_3096.tiff,176,160,glomeruli,1372,294,1548,454
cb2d976f4_3815_3870.tiff,180,160,glomeruli,598,294,778,454
cb2d976f4_3815_4644.tiff,183,170,glomeruli,1302,375,1485,545
cb2d976f4_3815_4644.tiff,4,69,glomeruli,0,345,4,414
cb2d976f4_3815_4644.tiff,163,157,glomeruli,1174,282,1337,439
cb2d976f4_3815_4644.tiff,167,197,glomeruli,1317,23,1484,220
cb2d976f4_3815_5418.tiff,183,170,glomeruli,528,375,711,545
cb2d976f4_3815_5418.tiff,163,157,glomeruli,400,282,563,439
cb2d976f4_3815_5418.tiff,167,197,glomeruli,543,23,710,220
cb2d976f4_3815_5418.tiff,94,25,glomeruli,822,0,916,25
cb2d976f4_3815_6192.tiff,94,25,glomeruli,48,0,142,25
cb2d976f4_3815_6966.tiff,17,6,glomeruli,1531,539,1548,545
cb2d976f4_3815_6966.tiff,136,178,glomeruli,936,367,1072,545
cb2d976f4_3815_7740.tiff,45,8,glomeruli,757,537,802,545
cb2d976f4_3815_7740.tiff,136,178,glomeruli,162,367,298,545
cb2d976f4_3815_7740.tiff,193,162,glomeruli,839,322,1032,484
cb2d976f4_3815_7740.tiff,206,199,glomeruli,982,138,1188,337
cb2d976f4_3815_8514.tiff,28,8,glomeruli,0,537,28,545
cb2d976f4_3815_8514.tiff,193,162,glomeruli,65,322,258,484
cb2d976f4_3815_8514.tiff,206,199,glomeruli,208,138,414,337
cb2d976f4_4360_3096.tiff,54,6,glomeruli,1411,539,1465,545
cb2d976f4_4360_3096.tiff,138,168,glomeruli,1241,220,1379,388
cb2d976f4_4360_3096.tiff,151,197,glomeruli,1397,72,1548,269
cb2d976f4_4360_3870.tiff,54,6,glomeruli,637,539,691,545
cb2d976f4_4360_3870.tiff,119,44,glomeruli,959,501,1078,545
cb2d976f4_4360_3870.tiff,61,185,glomeruli,1487,267,1548,452
cb2d976f4_4360_3870.tiff,138,168,glomeruli,467,220,605,388
cb2d976f4_4360_3870.tiff,182,197,glomeruli,623,72,805,269
cb2d976f4_4360_3870.tiff,98,164,glomeruli,1450,63,1548,227
cb2d976f4_4360_4644.tiff,119,44,glomeruli,185,501,304,545
cb2d976f4_4360_4644.tiff,169,220,glomeruli,713,267,882,487
cb2d976f4_4360_4644.tiff,136,166,glomeruli,1349,104,1485,270
cb2d976f4_4360_4644.tiff,31,137,glomeruli,0,98,31,235
cb2d976f4_4360_4644.tiff,128,164,glomeruli,676,63,804,227
cb2d976f4_4360_4644.tiff,103,29,glomeruli,1325,0,1428,29
cb2d976f4_4360_5418.tiff,108,218,glomeruli,0,269,108,487
cb2d976f4_4360_5418.tiff,30,114,glomeruli,0,113,30,227
cb2d976f4_4360_5418.tiff,136,166,glomeruli,575,104,711,270
cb2d976f4_4360_5418.tiff,103,29,glomeruli,551,0,654,29
cb2d976f4_4360_6192.tiff,137,158,glomeruli,1229,387,1366,545
cb2d976f4_4360_6192.tiff,139,161,glomeruli,1077,276,1216,437
cb2d976f4_4360_6966.tiff,146,96,glomeruli,1027,449,1173,545
cb2d976f4_4360_6966.tiff,137,158,glomeruli,455,387,592,545
cb2d976f4_4360_6966.tiff,139,161,glomeruli,303,276,442,437
cb2d976f4_4360_6966.tiff,154,188,glomeruli,1055,173,1209,361
cb2d976f4_4360_6966.tiff,27,121,glomeruli,1521,0,1548,121
cb2d976f4_4360_6966.tiff,30,4,glomeruli,971,0,1001,4
cb2d976f4_4360_7740.tiff,146,96,glomeruli,253,449,399,545
cb2d976f4_4360_7740.tiff,154,188,glomeruli,281,173,435,361
cb2d976f4_4360_7740.tiff,120,131,glomeruli,747,0,867,131
cb2d976f4_4360_7740.tiff,30,4,glomeruli,197,0,227,4
cb2d976f4_4360_8514.tiff,93,131,glomeruli,0,0,93,131
cb2d976f4_4905_2322.tiff,206,241,glomeruli,934,103,1140,344
cb2d976f4_4905_3096.tiff,206,241,glomeruli,160,103,366,344
cb2d976f4_4905_3096.tiff,179,232,glomeruli,1338,0,1517,232
cb2d976f4_4905_3870.tiff,140,133,glomeruli,1066,349,1206,482
cb2d976f4_4905_3870.tiff,149,159,glomeruli,1301,304,1450,463
cb2d976f4_4905_3870.tiff,170,213,glomeruli,945,0,1115,213
cb2d976f4_4905_3870.tiff,179,232,glomeruli,564,0,743,232
cb2d976f4_4905_4644.tiff,140,133,glomeruli,292,349,432,482
cb2d976f4_4905_4644.tiff,149,159,glomeruli,527,304,676,463
cb2d976f4_4905_4644.tiff,148,223,glomeruli,1185,256,1333,479
cb2d976f4_4905_4644.tiff,170,213,glomeruli,171,0,341,213
cb2d976f4_4905_5418.tiff,148,223,glomeruli,411,256,559,479
cb2d976f4_4905_6192.tiff,81,33,glomeruli,805,512,886,545
cb2d976f4_4905_6192.tiff,119,157,glomeruli,1149,216,1268,373
cb2d976f4_4905_6192.tiff,142,181,glomeruli,1406,146,1548,327
cb2d976f4_4905_6192.tiff,67,17,glomeruli,1246,0,1313,17
cb2d976f4_4905_6966.tiff,81,33,glomeruli,31,512,112,545
cb2d976f4_4905_6966.tiff,171,144,glomeruli,1111,401,1282,545
cb2d976f4_4905_6966.tiff,119,157,glomeruli,375,216,494,373
cb2d976f4_4905_6966.tiff,170,181,glomeruli,632,146,802,327
cb2d976f4_4905_6966.tiff,132,59,glomeruli,1029,0,1161,59
cb2d976f4_4905_6966.tiff,67,17,glomeruli,472,0,539,17
cb2d976f4_4905_7740.tiff,171,144,glomeruli,337,401,508,545
cb2d976f4_4905_7740.tiff,150,148,glomeruli,1124,355,1274,503
cb2d976f4_4905_7740.tiff,176,175,glomeruli,895,256,1071,431
cb2d976f4_4905_7740.tiff,28,134,glomeruli,0,163,28,297
cb2d976f4_4905_7740.tiff,110,131,glomeruli,1108,82,1218,213
cb2d976f4_4905_7740.tiff,132,59,glomeruli,255,0,387,59
cb2d976f4_4905_8514.tiff,150,148,glomeruli,350,355,500,503
cb2d976f4_4905_8514.tiff,127,201,glomeruli,1255,269,1382,470
cb2d976f4_4905_8514.tiff,176,175,glomeruli,121,256,297,431
cb2d976f4_4905_8514.tiff,110,131,glomeruli,334,82,444,213
cb2d976f4_4905_9288.tiff,127,201,glomeruli,481,269,608,470
cb2d976f4_5450_1548.tiff,35,2,glomeruli,1157,543,1192,545
cb2d976f4_5450_1548.tiff,120,127,glomeruli,1155,418,1275,545
cb2d976f4_5450_1548.tiff,176,130,glomeruli,1372,415,1548,545
cb2d976f4_5450_2322.tiff,35,2,glomeruli,383,543,418,545
cb2d976f4_5450_2322.tiff,120,127,glomeruli,381,418,501,545
cb2d976f4_5450_2322.tiff,207,130,glomeruli,598,415,805,545
cb2d976f4_5450_3096.tiff,31,106,glomeruli,0,439,31,545
cb2d976f4_5450_3096.tiff,167,168,glomeruli,1218,332,1385,500
cb2d976f4_5450_3096.tiff,7,83,glomeruli,1541,184,1548,267
cb2d976f4_5450_3870.tiff,167,168,glomeruli,444,332,611,500
cb2d976f4_5450_3870.tiff,214,220,glomeruli,927,183,1141,403
cb2d976f4_5450_3870.tiff,167,213,glomeruli,767,129,934,342
cb2d976f4_5450_4644.tiff,105,119,glomeruli,999,426,1104,545
cb2d976f4_5450_4644.tiff,214,220,glomeruli,153,183,367,403
cb2d976f4_5450_4644.tiff,160,213,glomeruli,0,129,160,342
cb2d976f4_5450_4644.tiff,185,222,glomeruli,1127,70,1312,292
cb2d976f4_5450_5418.tiff,105,119,glomeruli,225,426,330,545
cb2d976f4_5450_5418.tiff,185,222,glomeruli,353,70,538,292
cb2d976f4_5450_6192.tiff,91,111,glomeruli,796,0,887,111
cb2d976f4_5450_6966.tiff,134,107,glomeruli,1327,388,1461,495
cb2d976f4_5450_6966.tiff,132,178,glomeruli,1120,204,1252,382
cb2d976f4_5450_6966.tiff,120,159,glomeruli,1280,147,1400,306
cb2d976f4_5450_6966.tiff,116,106,glomeruli,1402,73,1518,179
cb2d976f4_5450_6966.tiff,140,62,glomeruli,1133,0,1273,62
cb2d976f4_5450_6966.tiff,91,111,glomeruli,22,0,113,111
cb2d976f4_5450_7740.tiff,134,107,glomeruli,553,388,687,495
cb2d976f4_5450_7740.tiff,81,101,glomeruli,867,312,948,413
cb2d976f4_5450_7740.tiff,141,169,glomeruli,959,267,1100,436
cb2d976f4_5450_7740.tiff,108,104,glomeruli,1324,239,1432,343
cb2d976f4_5450_7740.tiff,132,178,glomeruli,346,204,478,382
cb2d976f4_5450_7740.tiff,120,159,glomeruli,506,147,626,306
cb2d976f4_5450_7740.tiff,116,106,glomeruli,628,73,744,179
cb2d976f4_5450_7740.tiff,105,124,glomeruli,1443,37,1548,161
cb2d976f4_5450_7740.tiff,140,62,glomeruli,359,0,499,62
cb2d976f4_5450_8514.tiff,30,3,glomeruli,1227,542,1257,545
cb2d976f4_5450_8514.tiff,81,101,glomeruli,93,312,174,413
cb2d976f4_5450_8514.tiff,141,169,glomeruli,185,267,326,436
cb2d976f4_5450_8514.tiff,79,126,glomeruli,1037,259,1116,385
cb2d976f4_5450_8514.tiff,108,104,glomeruli,550,239,658,343
cb2d976f4_5450_8514.tiff,144,205,glomeruli,1276,195,1420,400
cb2d976f4_5450_8514.tiff,109,124,glomeruli,669,37,778,161
cb2d976f4_5450_9288.tiff,30,3,glomeruli,453,542,483,545
cb2d976f4_5450_9288.tiff,79,126,glomeruli,263,259,342,385
cb2d976f4_5450_9288.tiff,144,205,glomeruli,502,195,646,400
cb2d976f4_5450_9288.tiff,4,46,glomeruli,0,61,4,107
cb2d976f4_5995_1548.tiff,182,103,glomeruli,1366,0,1548,103
cb2d976f4_5995_1548.tiff,162,106,glomeruli,1127,0,1289,106
cb2d976f4_5995_2322.tiff,206,103,glomeruli,592,0,798,103
cb2d976f4_5995_2322.tiff,162,106,glomeruli,353,0,515,106
cb2d976f4_5995_3096.tiff,69,120,glomeruli,1479,261,1548,381
cb2d976f4_5995_3096.tiff,195,229,glomeruli,895,169,1090,398
cb2d976f4_5995_3096.tiff,24,54,glomeruli,0,0,24,54
cb2d976f4_5995_3870.tiff,154,161,glomeruli,1062,282,1216,443
cb2d976f4_5995_3870.tiff,89,121,glomeruli,705,261,794,382
cb2d976f4_5995_3870.tiff,195,229,glomeruli,121,169,316,398
cb2d976f4_5995_3870.tiff,125,188,glomeruli,1238,139,1363,327
cb2d976f4_5995_3870.tiff,178,112,glomeruli,966,107,1144,219
cb2d976f4_5995_4644.tiff,109,21,glomeruli,926,524,1035,545
cb2d976f4_5995_4644.tiff,20,98,glomeruli,0,284,20,382
cb2d976f4_5995_4644.tiff,154,161,glomeruli,288,282,442,443
cb2d976f4_5995_4644.tiff,125,188,glomeruli,464,139,589,327
cb2d976f4_5995_4644.tiff,178,112,glomeruli,192,107,370,219
cb2d976f4_5995_4644.tiff,67,17,glomeruli,1016,0,1083,17
cb2d976f4_5995_5418.tiff,109,21,glomeruli,152,524,261,545
cb2d976f4_5995_5418.tiff,169,192,glomeruli,980,249,1149,441
cb2d976f4_5995_5418.tiff,67,17,glomeruli,242,0,309,17
cb2d976f4_5995_6192.tiff,169,192,glomeruli,206,249,375,441
cb2d976f4_5995_6966.tiff,114,112,glomeruli,1275,190,1389,302
cb2d976f4_5995_6966.tiff,19,105,glomeruli,1529,116,1548,221
cb2d976f4_5995_6966.tiff,125,144,glomeruli,813,101,938,245
cb2d976f4_5995_7740.tiff,104,28,glomeruli,1211,517,1315,545
cb2d976f4_5995_7740.tiff,110,130,glomeruli,999,415,1109,545
cb2d976f4_5995_7740.tiff,114,112,glomeruli,501,190,615,302
cb2d976f4_5995_7740.tiff,125,144,glomeruli,39,101,164,245
cb2d976f4_5995_7740.tiff,146,158,glomeruli,755,96,901,254
cb2d976f4_5995_7740.tiff,101,113,glomeruli,1414,48,1515,161
cb2d976f4_5995_7740.tiff,131,159,glomeruli,914,15,1045,174
cb2d976f4_5995_8514.tiff,104,28,glomeruli,437,517,541,545
cb2d976f4_5995_8514.tiff,110,130,glomeruli,225,415,335,545
cb2d976f4_5995_8514.tiff,127,158,glomeruli,0,96,127,254
cb2d976f4_5995_8514.tiff,101,113,glomeruli,640,48,741,161
cb2d976f4_5995_8514.tiff,131,159,glomeruli,140,15,271,174
cb2d976f4_5995_8514.tiff,96,92,glomeruli,1178,0,1274,92
cb2d976f4_5995_9288.tiff,96,92,glomeruli,404,0,500,92
cb2d976f4_6540_10062.tiff,37,8,glomeruli,93,537,130,545
cb2d976f4_6540_2322.tiff,197,256,glomeruli,1186,196,1383,452
cb2d976f4_6540_3096.tiff,169,112,glomeruli,1331,433,1500,545
cb2d976f4_6540_3096.tiff,197,256,glomeruli,412,196,609,452
cb2d976f4_6540_3096.tiff,174,135,glomeruli,1279,4,1453,139
cb2d976f4_6540_3870.tiff,122,95,glomeruli,1352,450,1474,545
cb2d976f4_6540_3870.tiff,169,112,glomeruli,557,433,726,545
cb2d976f4_6540_3870.tiff,39,107,glomeruli,1509,76,1548,183
cb2d976f4_6540_3870.tiff,174,135,glomeruli,505,4,679,139
cb2d976f4_6540_4644.tiff,122,95,glomeruli,578,450,700,545
cb2d976f4_6540_4644.tiff,193,191,glomeruli,1088,305,1281,496
cb2d976f4_6540_4644.tiff,120,141,glomeruli,1408,290,1528,431
cb2d976f4_6540_4644.tiff,204,213,glomeruli,783,232,987,445
cb2d976f4_6540_4644.tiff,99,109,glomeruli,735,74,834,183
cb2d976f4_6540_4644.tiff,32,101,glomeruli,1516,42,1548,143
cb2d976f4_6540_4644.tiff,184,148,glomeruli,888,0,1072,148
cb2d976f4_6540_5418.tiff,193,191,glomeruli,314,305,507,496
cb2d976f4_6540_5418.tiff,120,141,glomeruli,634,290,754,431
cb2d976f4_6540_5418.tiff,204,213,glomeruli,9,232,213,445
cb2d976f4_6540_5418.tiff,60,108,glomeruli,0,74,60,182
cb2d976f4_6540_5418.tiff,95,127,glomeruli,985,45,1080,172
cb2d976f4_6540_5418.tiff,117,128,glomeruli,742,31,859,159
cb2d976f4_6540_5418.tiff,184,148,glomeruli,114,0,298,148
cb2d976f4_6540_6192.tiff,106,93,glomeruli,1442,452,1548,545
cb2d976f4_6540_6192.tiff,99,120,glomeruli,889,246,988,366
cb2d976f4_6540_6192.tiff,119,129,glomeruli,1329,165,1448,294
cb2d976f4_6540_6192.tiff,143,165,glomeruli,987,110,1130,275
cb2d976f4_6540_6192.tiff,95,127,glomeruli,211,45,306,172
cb2d976f4_6540_6192.tiff,85,128,glomeruli,0,31,85,159
cb2d976f4_6540_6966.tiff,158,93,glomeruli,668,452,826,545
cb2d976f4_6540_6966.tiff,99,120,glomeruli,115,246,214,366
cb2d976f4_6540_6966.tiff,119,129,glomeruli,555,165,674,294
cb2d976f4_6540_6966.tiff,143,165,glomeruli,213,110,356,275
cb2d976f4_6540_7740.tiff,52,89,glomeruli,0,456,52,545
cb2d976f4_6540_7740.tiff,48,91,glomeruli,1500,338,1548,429
cb2d976f4_6540_7740.tiff,127,106,glomeruli,1197,0,1324,106
cb2d976f4_6540_7740.tiff,60,16,glomeruli,1018,0,1078,16
cb2d976f4_6540_8514.tiff,100,31,glomeruli,1175,514,1275,545
cb2d976f4_6540_8514.tiff,89,95,glomeruli,1299,411,1388,506
cb2d976f4_6540_8514.tiff,83,92,glomeruli,726,338,809,430
cb2d976f4_6540_8514.tiff,157,147,glomeruli,1139,257,1296,404
cb2d976f4_6540_8514.tiff,127,106,glomeruli,423,0,550,106
cb2d976f4_6540_8514.tiff,60,16,glomeruli,244,0,304,16
cb2d976f4_6540_9288.tiff,37,8,glomeruli,867,537,904,545
cb2d976f4_6540_9288.tiff,100,31,glomeruli,401,514,501,545
cb2d976f4_6540_9288.tiff,89,95,glomeruli,525,411,614,506
cb2d976f4_6540_9288.tiff,35,90,glomeruli,0,340,35,430
cb2d976f4_6540_9288.tiff,157,147,glomeruli,365,257,522,404
cb2d976f4_7085_10062.tiff,184,178,glomeruli,0,175,184,353
cb2d976f4_7085_10062.tiff,124,132,glomeruli,27,0,151,132
cb2d976f4_7085_1548.tiff,146,151,glomeruli,1014,96,1160,247
cb2d976f4_7085_1548.tiff,179,233,glomeruli,747,43,926,276
cb2d976f4_7085_2322.tiff,161,114,glomeruli,1036,431,1197,545
cb2d976f4_7085_2322.tiff,146,151,glomeruli,240,96,386,247
cb2d976f4_7085_2322.tiff,152,233,glomeruli,0,43,152,276
cb2d976f4_7085_3096.tiff,143,112,glomeruli,1042,433,1185,545
cb2d976f4_7085_3096.tiff,161,114,glomeruli,262,431,423,545
cb2d976f4_7085_3096.tiff,213,177,glomeruli,1090,208,1303,385
cb2d976f4_7085_3096.tiff,107,120,glomeruli,975,208,1082,328
cb2d976f4_7085_3096.tiff,156,65,glomeruli,1341,0,1497,65
cb2d976f4_7085_3870.tiff,143,112,glomeruli,268,433,411,545
cb2d976f4_7085_3870.tiff,213,177,glomeruli,316,208,529,385
cb2d976f4_7085_3870.tiff,107,120,glomeruli,201,208,308,328
cb2d976f4_7085_3870.tiff,2,14,glomeruli,1546,115,1548,129
cb2d976f4_7085_3870.tiff,104,16,glomeruli,1362,0,1466,16
cb2d976f4_7085_3870.tiff,156,65,glomeruli,567,0,723,65
cb2d976f4_7085_4644.tiff,176,205,glomeruli,772,40,948,245
cb2d976f4_7085_4644.tiff,225,222,glomeruli,982,36,1207,258
cb2d976f4_7085_4644.tiff,104,16,glomeruli,588,0,692,16
cb2d976f4_7085_5418.tiff,214,208,glomeruli,1101,262,1315,470
cb2d976f4_7085_5418.tiff,149,167,glomeruli,779,182,928,349
cb2d976f4_7085_5418.tiff,174,205,glomeruli,0,40,174,245
cb2d976f4_7085_5418.tiff,225,222,glomeruli,208,36,433,258
cb2d976f4_7085_6192.tiff,214,208,glomeruli,327,262,541,470
cb2d976f4_7085_6192.tiff,149,167,glomeruli,5,182,154,349
cb2d976f4_7085_6192.tiff,64,184,glomeruli,1484,140,1548,324
cb2d976f4_7085_6192.tiff,104,73,glomeruli,1444,0,1548,73
cb2d976f4_7085_6966.tiff,163,126,glomeruli,1065,419,1228,545
cb2d976f4_7085_6966.tiff,79,106,glomeruli,1143,261,1222,367
cb2d976f4_7085_6966.tiff,170,216,glomeruli,1297,246,1467,462
cb2d976f4_7085_6966.tiff,165,193,glomeruli,710,140,875,333
cb2d976f4_7085_6966.tiff,145,192,glomeruli,1202,48,1347,240
cb2d976f4_7085_6966.tiff,156,73,glomeruli,670,0,826,73
cb2d976f4_7085_774.tiff,27,150,glomeruli,1521,75,1548,225
cb2d976f4_7085_7740.tiff,163,126,glomeruli,291,419,454,545
cb2d976f4_7085_7740.tiff,6,95,glomeruli,1542,276,1548,371
cb2d976f4_7085_7740.tiff,79,106,glomeruli,369,261,448,367
cb2d976f4_7085_7740.tiff,170,216,glomeruli,523,246,693,462
cb2d976f4_7085_7740.tiff,101,191,glomeruli,0,142,101,333
cb2d976f4_7085_7740.tiff,106,122,glomeruli,1340,72,1446,194
cb2d976f4_7085_7740.tiff,145,192,glomeruli,428,48,573,240
cb2d976f4_7085_7740.tiff,52,69,glomeruli,0,0,52,69
cb2d976f4_7085_8514.tiff,7,59,glomeruli,1541,269,1548,328
cb2d976f4_7085_8514.tiff,136,195,glomeruli,768,197,904,392
cb2d976f4_7085_8514.tiff,137,146,glomeruli,1327,140,1464,286
cb2d976f4_7085_8514.tiff,106,122,glomeruli,566,72,672,194
cb2d976f4_7085_8514.tiff,112,145,glomeruli,1164,0,1276,145
cb2d976f4_7085_9288.tiff,130,195,glomeruli,0,197,130,392
cb2d976f4_7085_9288.tiff,191,178,glomeruli,767,175,958,353
cb2d976f4_7085_9288.tiff,137,146,glomeruli,553,140,690,286
cb2d976f4_7085_9288.tiff,124,132,glomeruli,801,0,925,132
cb2d976f4_7085_9288.tiff,112,145,glomeruli,390,0,502,145
cb2d976f4_7630_1548.tiff,169,220,glomeruli,936,325,1105,545
cb2d976f4_7630_1548.tiff,112,118,glomeruli,388,191,500,309
cb2d976f4_7630_1548.tiff,211,219,glomeruli,226,65,437,284
cb2d976f4_7630_1548.tiff,105,123,glomeruli,840,55,945,178
cb2d976f4_7630_2322.tiff,22,135,glomeruli,1526,368,1548,503
cb2d976f4_7630_2322.tiff,169,220,glomeruli,162,325,331,545
cb2d976f4_7630_2322.tiff,183,202,glomeruli,1165,84,1348,286
cb2d976f4_7630_2322.tiff,105,123,glomeruli,66,55,171,178
cb2d976f4_7630_2322.tiff,145,39,glomeruli,1041,0,1186,39
cb2d976f4_7630_3096.tiff,20,19,glomeruli,1528,526,1548,545
cb2d976f4_7630_3096.tiff,164,207,glomeruli,752,332,916,539
cb2d976f4_7630_3096.tiff,50,94,glomeruli,1498,117,1548,211
cb2d976f4_7630_3096.tiff,183,202,glomeruli,391,84,574,286
cb2d976f4_7630_3096.tiff,101,40,glomeruli,1084,0,1185,40
cb2d976f4_7630_3096.tiff,145,39,glomeruli,267,0,412,39
cb2d976f4_7630_3870.tiff,126,41,glomeruli,754,504,880,545
cb2d976f4_7630_3870.tiff,142,207,glomeruli,0,332,142,539
cb2d976f4_7630_3870.tiff,99,94,glomeruli,724,117,823,211
cb2d976f4_7630_3870.tiff,101,40,glomeruli,310,0,411,40
cb2d976f4_7630_4644.tiff,106,41,glomeruli,0,504,106,545
cb2d976f4_7630_4644.tiff,134,173,glomeruli,1360,305,1494,478
cb2d976f4_7630_4644.tiff,49,88,glomeruli,0,119,49,207
cb2d976f4_7630_4644.tiff,147,214,glomeruli,1069,43,1216,257
cb2d976f4_7630_5418.tiff,134,173,glomeruli,586,305,720,478
cb2d976f4_7630_5418.tiff,147,214,glomeruli,295,43,442,257
cb2d976f4_7630_6966.tiff,154,75,glomeruli,1072,0,1226,75
cb2d976f4_7630_774.tiff,112,118,glomeruli,1162,191,1274,309
cb2d976f4_7630_774.tiff,211,219,glomeruli,1000,65,1211,284
cb2d976f4_7630_7740.tiff,131,137,glomeruli,960,363,1091,500
cb2d976f4_7630_7740.tiff,154,75,glomeruli,298,0,452,75
cb2d976f4_7630_8514.tiff,131,137,glomeruli,186,363,317,500
cb2d976f4_8175_0.tiff,154,184,glomeruli,1394,361,1548,545
cb2d976f4_8175_1548.tiff,84,31,glomeruli,1168,514,1252,545
cb2d976f4_8175_1548.tiff,106,73,glomeruli,103,472,209,545
cb2d976f4_8175_1548.tiff,12,80,glomeruli,0,385,12,465
cb2d976f4_8175_1548.tiff,175,219,glomeruli,480,270,655,489
cb2d976f4_8175_1548.tiff,27,1,glomeruli,978,0,1005,1
cb2d976f4_8175_17028.tiff,118,27,glomeruli,1430,518,1548,545
cb2d976f4_8175_17802.tiff,123,27,glomeruli,656,518,779,545
cb2d976f4_8175_18576.tiff,5,4,glomeruli,0,541,5,545
cb2d976f4_8175_2322.tiff,84,31,glomeruli,394,514,478,545
cb2d976f4_8175_2322.tiff,97,91,glomeruli,1279,116,1376,207
cb2d976f4_8175_2322.tiff,27,1,glomeruli,204,0,231,1
cb2d976f4_8175_3096.tiff,95,11,glomeruli,905,534,1000,545
cb2d976f4_8175_3096.tiff,97,91,glomeruli,505,116,602,207
cb2d976f4_8175_3096.tiff,65,184,glomeruli,1483,0,1548,184
cb2d976f4_8175_3870.tiff,95,11,glomeruli,131,534,226,545
cb2d976f4_8175_3870.tiff,160,68,glomeruli,1089,477,1249,545
cb2d976f4_8175_3870.tiff,212,184,glomeruli,709,0,921,184
cb2d976f4_8175_4644.tiff,193,57,glomeruli,798,488,991,545
cb2d976f4_8175_4644.tiff,160,68,glomeruli,315,477,475,545
cb2d976f4_8175_4644.tiff,147,180,glomeruli,0,0,147,180
cb2d976f4_8175_5418.tiff,193,57,glomeruli,24,488,217,545
cb2d976f4_8175_774.tiff,106,73,glomeruli,877,472,983,545
cb2d976f4_8175_774.tiff,166,184,glomeruli,620,361,786,545
cb2d976f4_8175_774.tiff,175,219,glomeruli,1254,270,1429,489
cb2d976f4_8720_0.tiff,124,123,glomeruli,1118,422,1242,545
cb2d976f4_8720_0.tiff,74,14,glomeruli,1425,0,1499,14
cb2d976f4_8720_1548.tiff,45,6,glomeruli,1242,539,1287,545
cb2d976f4_8720_1548.tiff,171,53,glomeruli,735,492,906,545
cb2d976f4_8720_1548.tiff,246,353,glomeruli,1110,192,1356,545
cb2d976f4_8720_1548.tiff,177,170,glomeruli,565,76,742,246
cb2d976f4_8720_1548.tiff,175,266,glomeruli,312,64,487,330
cb2d976f4_8720_1548.tiff,157,142,glomeruli,1102,0,1259,142
cb2d976f4_8720_1548.tiff,95,59,glomeruli,100,0,195,59
cb2d976f4_8720_17028.tiff,156,157,glomeruli,1392,0,1548,157
cb2d976f4_8720_17802.tiff,122,162,glomeruli,1014,171,1136,333
cb2d976f4_8720_17802.tiff,206,157,glomeruli,618,0,824,157
cb2d976f4_8720_18576.tiff,122,162,glomeruli,240,171,362,333
cb2d976f4_8720_18576.tiff,50,138,glomeruli,0,0,50,138
cb2d976f4_8720_2322.tiff,45,6,glomeruli,468,539,513,545
cb2d976f4_8720_2322.tiff,132,53,glomeruli,0,492,132,545
cb2d976f4_8720_2322.tiff,246,353,glomeruli,336,192,582,545
cb2d976f4_8720_2322.tiff,157,142,glomeruli,328,0,485,142
cb2d976f4_8720_3096.tiff,120,98,glomeruli,822,140,942,238
cb2d976f4_8720_3096.tiff,190,133,glomeruli,850,0,1040,133
cb2d976f4_8720_3870.tiff,107,130,glomeruli,1441,360,1548,490
cb2d976f4_8720_3870.tiff,142,136,glomeruli,1256,208,1398,344
cb2d976f4_8720_3870.tiff,120,98,glomeruli,48,140,168,238
cb2d976f4_8720_3870.tiff,172,120,glomeruli,1075,0,1247,120
cb2d976f4_8720_3870.tiff,190,133,glomeruli,76,0,266,133
cb2d976f4_8720_4644.tiff,112,20,glomeruli,1398,525,1510,545
cb2d976f4_8720_4644.tiff,163,130,glomeruli,667,360,830,490
cb2d976f4_8720_4644.tiff,142,136,glomeruli,482,208,624,344
cb2d976f4_8720_4644.tiff,205,102,glomeruli,796,0,1001,102
cb2d976f4_8720_4644.tiff,172,120,glomeruli,301,0,473,120
cb2d976f4_8720_5418.tiff,112,20,glomeruli,624,525,736,545
cb2d976f4_8720_5418.tiff,134,140,glomeruli,983,405,1117,545
cb2d976f4_8720_5418.tiff,56,118,glomeruli,0,372,56,490
cb2d976f4_8720_5418.tiff,112,148,glomeruli,789,313,901,461
cb2d976f4_8720_5418.tiff,181,157,glomeruli,852,42,1033,199
cb2d976f4_8720_5418.tiff,205,102,glomeruli,22,0,227,102
cb2d976f4_8720_6192.tiff,125,109,glomeruli,992,436,1117,545
cb2d976f4_8720_6192.tiff,134,140,glomeruli,209,405,343,545
cb2d976f4_8720_6192.tiff,112,148,glomeruli,15,313,127,461
cb2d976f4_8720_6192.tiff,181,157,glomeruli,78,42,259,199
cb2d976f4_8720_6966.tiff,125,109,glomeruli,218,436,343,545
cb2d976f4_8720_774.tiff,39,45,glomeruli,1509,500,1548,545
cb2d976f4_8720_774.tiff,124,123,glomeruli,344,422,468,545
cb2d976f4_8720_774.tiff,177,170,glomeruli,1339,76,1516,246
cb2d976f4_8720_774.tiff,175,266,glomeruli,1086,64,1261,330
cb2d976f4_8720_774.tiff,95,59,glomeruli,874,0,969,59
cb2d976f4_8720_774.tiff,74,14,glomeruli,651,0,725,14
cb2d976f4_9265_0.tiff,71,208,glomeruli,1477,305,1548,513
cb2d976f4_9265_0.tiff,113,62,glomeruli,1118,0,1231,62
cb2d976f4_9265_1548.tiff,206,195,glomeruli,1342,315,1548,510
cb2d976f4_9265_1548.tiff,40,206,glomeruli,0,304,40,510
cb2d976f4_9265_1548.tiff,114,104,glomeruli,175,105,289,209
cb2d976f4_9265_1548.tiff,173,240,glomeruli,1144,0,1317,240
cb2d976f4_9265_1548.tiff,48,5,glomeruli,1176,0,1224,5
cb2d976f4_9265_1548.tiff,394,260,glomeruli,736,0,1130,260
cb2d976f4_9265_17028.tiff,147,139,glomeruli,1107,118,1254,257
cb2d976f4_9265_17802.tiff,147,139,glomeruli,333,118,480,257
cb2d976f4_9265_2322.tiff,117,29,glomeruli,1161,516,1278,545
cb2d976f4_9265_2322.tiff,102,87,glomeruli,1214,336,1316,423
cb2d976f4_9265_2322.tiff,218,195,glomeruli,568,315,786,510
cb2d976f4_9265_2322.tiff,173,240,glomeruli,370,0,543,240
cb2d976f4_9265_2322.tiff,48,5,glomeruli,402,0,450,5
cb2d976f4_9265_2322.tiff,356,260,glomeruli,0,0,356,260
cb2d976f4_9265_3096.tiff,117,29,glomeruli,387,516,504,545
cb2d976f4_9265_3096.tiff,12,64,glomeruli,0,366,12,430
cb2d976f4_9265_3096.tiff,102,87,glomeruli,440,336,542,423
cb2d976f4_9265_3096.tiff,91,156,glomeruli,1457,318,1548,474
cb2d976f4_9265_3870.tiff,189,164,glomeruli,683,310,872,474
cb2d976f4_9265_3870.tiff,121,186,glomeruli,1090,264,1211,450
cb2d976f4_9265_4644.tiff,125,75,glomeruli,997,470,1122,545
cb2d976f4_9265_4644.tiff,98,162,glomeruli,0,310,98,472
cb2d976f4_9265_4644.tiff,121,186,glomeruli,316,264,437,450
cb2d976f4_9265_4644.tiff,206,156,glomeruli,1151,128,1357,284
cb2d976f4_9265_4644.tiff,174,203,glomeruli,1374,0,1548,203
cb2d976f4_9265_5418.tiff,125,75,glomeruli,223,470,348,545
cb2d976f4_9265_5418.tiff,206,156,glomeruli,377,128,583,284
cb2d976f4_9265_5418.tiff,88,21,glomeruli,989,0,1077,21
cb2d976f4_9265_5418.tiff,181,203,glomeruli,600,0,781,203
cb2d976f4_9265_6192.tiff,166,81,glomeruli,1004,464,1170,545
cb2d976f4_9265_6192.tiff,96,90,glomeruli,1407,455,1503,545
cb2d976f4_9265_6192.tiff,95,120,glomeruli,1182,418,1277,538
cb2d976f4_9265_6192.tiff,7,78,glomeruli,0,48,7,126
cb2d976f4_9265_6192.tiff,99,25,glomeruli,1009,0,1108,25
cb2d976f4_9265_6192.tiff,88,21,glomeruli,215,0,303,21
cb2d976f4_9265_6966.tiff,166,81,glomeruli,230,464,396,545
cb2d976f4_9265_6966.tiff,96,90,glomeruli,633,455,729,545
cb2d976f4_9265_6966.tiff,95,120,glomeruli,408,418,503,538
cb2d976f4_9265_6966.tiff,99,25,glomeruli,235,0,334,25
cb2d976f4_9265_774.tiff,111,209,glomeruli,703,304,814,513
cb2d976f4_9265_774.tiff,114,104,glomeruli,949,105,1063,209
cb2d976f4_9265_774.tiff,38,96,glomeruli,1510,0,1548,96
cb2d976f4_9265_774.tiff,113,62,glomeruli,344,0,457,62
cb2d976f4_9810_1548.tiff,147,127,glomeruli,433,418,580,545
cb2d976f4_9810_15480.tiff,210,158,glomeruli,1301,387,1511,545
cb2d976f4_9810_16254.tiff,130,43,glomeruli,955,502,1085,545
cb2d976f4_9810_16254.tiff,210,158,glomeruli,527,387,737,545
cb2d976f4_9810_17028.tiff,130,43,glomeruli,181,502,311,545
cb2d976f4_9810_17028.tiff,225,142,glomeruli,1218,334,1443,476
cb2d976f4_9810_17802.tiff,225,142,glomeruli,444,334,669,476
cb2d976f4_9810_17802.tiff,149,147,glomeruli,1114,166,1263,313
cb2d976f4_9810_17802.tiff,128,124,glomeruli,814,127,942,251
cb2d976f4_9810_18576.tiff,149,147,glomeruli,340,166,489,313
cb2d976f4_9810_18576.tiff,128,124,glomeruli,40,127,168,251
cb2d976f4_9810_2322.tiff,163,132,glomeruli,1234,413,1397,545
cb2d976f4_9810_2322.tiff,26,144,glomeruli,1522,401,1548,545
cb2d976f4_9810_2322.tiff,140,166,glomeruli,843,232,983,398
cb2d976f4_9810_2322.tiff,158,164,glomeruli,1150,0,1308,164
cb2d976f4_9810_3096.tiff,163,132,glomeruli,460,413,623,545
cb2d976f4_9810_3096.tiff,175,191,glomeruli,748,354,923,545
cb2d976f4_9810_3096.tiff,188,148,glomeruli,1174,275,1362,423
cb2d976f4_9810_3096.tiff,140,166,glomeruli,69,232,209,398
cb2d976f4_9810_3096.tiff,158,164,glomeruli,376,0,534,164
cb2d976f4_9810_3870.tiff,149,191,glomeruli,0,354,149,545
cb2d976f4_9810_3870.tiff,188,148,glomeruli,400,275,588,423
cb2d976f4_9810_3870.tiff,113,94,glomeruli,1249,199,1362,293
cb2d976f4_9810_4644.tiff,110,35,glomeruli,1379,510,1489,545
cb2d976f4_9810_4644.tiff,113,94,glomeruli,475,199,588,293
cb2d976f4_9810_4644.tiff,137,120,glomeruli,991,0,1128,120
cb2d976f4_9810_5418.tiff,110,35,glomeruli,605,510,715,545
cb2d976f4_9810_5418.tiff,188,148,glomeruli,997,397,1185,545
cb2d976f4_9810_5418.tiff,137,120,glomeruli,217,0,354,120
cb2d976f4_9810_6192.tiff,188,148,glomeruli,223,397,411,545
cb2d976f4_9810_6192.tiff,171,196,glomeruli,784,263,955,459
cb2d976f4_9810_6192.tiff,93,137,glomeruli,799,106,892,243
cb2d976f4_9810_6192.tiff,125,134,glomeruli,1197,81,1322,215
cb2d976f4_9810_6192.tiff,94,46,glomeruli,1406,0,1500,46
cb2d976f4_9810_6192.tiff,174,105,glomeruli,1002,0,1176,105
cb2d976f4_9810_6966.tiff,171,196,glomeruli,10,263,181,459
cb2d976f4_9810_6966.tiff,172,190,glomeruli,832,223,1004,413
cb2d976f4_9810_6966.tiff,93,137,glomeruli,25,106,118,243
cb2d976f4_9810_6966.tiff,125,134,glomeruli,423,81,548,215
cb2d976f4_9810_6966.tiff,94,46,glomeruli,632,0,726,46
cb2d976f4_9810_6966.tiff,174,105,glomeruli,228,0,402,105
cb2d976f4_9810_774.tiff,147,127,glomeruli,1207,418,1354,545
cb2d976f4_9810_7740.tiff,172,190,glomeruli,58,223,230,413
e79de561c_1010_10128.tiff,172,145,glomeruli,83,289,255,434
e79de561c_1010_1688.tiff,200,114,glomeruli,447,391,647,505
e79de561c_1010_2532.tiff,190,127,glomeruli,571,241,761,368
e79de561c_1010_3376.tiff,304,210,glomeruli,308,269,612,479
e79de561c_1010_4220.tiff,209,210,glomeruli,207,161,416,371
e79de561c_1010_4220.tiff,175,147,glomeruli,412,68,587,215
e79de561c_1010_5908.tiff,207,196,glomeruli,564,291,771,487
e79de561c_1010_6752.tiff,214,115,glomeruli,245,0,459,115
e79de561c_1010_7596.tiff,180,43,glomeruli,655,462,835,505
e79de561c_1010_7596.tiff,152,45,glomeruli,229,460,381,505
e79de561c_1010_7596.tiff,225,201,glomeruli,330,203,555,404
e79de561c_1010_7596.tiff,160,166,glomeruli,665,163,825,329
e79de561c_1010_8440.tiff,213,199,glomeruli,308,229,521,428
e79de561c_1010_9284.tiff,113,11,glomeruli,249,494,362,505
e79de561c_1010_9284.tiff,144,195,glomeruli,77,118,221,313
e79de561c_1010_9284.tiff,135,25,glomeruli,249,0,384,25
e79de561c_1515_0.tiff,189,139,glomeruli,507,270,696,409
e79de561c_1515_10128.tiff,47,4,glomeruli,538,501,585,505
e79de561c_1515_1688.tiff,102,82,glomeruli,0,423,102,505
e79de561c_1515_1688.tiff,196,160,glomeruli,154,306,350,466
e79de561c_1515_1688.tiff,148,147,glomeruli,696,170,844,317
e79de561c_1515_1688.tiff,166,140,glomeruli,157,75,323,215
e79de561c_1515_1688.tiff,184,64,glomeruli,451,0,635,64
e79de561c_1515_2532.tiff,136,104,glomeruli,344,398,480,502
e79de561c_1515_2532.tiff,35,106,glomeruli,0,195,35,301
e79de561c_1515_2532.tiff,171,162,glomeruli,575,101,746,263
e79de561c_1515_3376.tiff,164,135,glomeruli,353,370,517,505
e79de561c_1515_3376.tiff,174,167,glomeruli,484,298,658,465
e79de561c_1515_3376.tiff,160,164,glomeruli,75,121,235,285
e79de561c_1515_4220.tiff,159,63,glomeruli,556,442,715,505
e79de561c_1515_4220.tiff,146,91,glomeruli,311,414,457,505
e79de561c_1515_5064.tiff,133,98,glomeruli,147,394,280,492
e79de561c_1515_5064.tiff,137,120,glomeruli,607,214,744,334
e79de561c_1515_5908.tiff,156,101,glomeruli,210,404,366,505
e79de561c_1515_6752.tiff,71,137,glomeruli,773,191,844,328
e79de561c_1515_7596.tiff,187,123,glomeruli,189,382,376,505
e79de561c_1515_7596.tiff,73,161,glomeruli,771,247,844,408
e79de561c_1515_7596.tiff,44,122,glomeruli,0,187,44,309
e79de561c_1515_7596.tiff,204,151,glomeruli,640,0,844,151
e79de561c_1515_7596.tiff,171,98,glomeruli,215,0,386,98
e79de561c_1515_844.tiff,76,82,glomeruli,768,423,844,505
e79de561c_1515_8440.tiff,175,130,glomeruli,329,375,504,505
e79de561c_1515_8440.tiff,181,151,glomeruli,634,354,815,505
e79de561c_1515_8440.tiff,146,193,glomeruli,0,239,146,432
e79de561c_1515_8440.tiff,25,99,glomeruli,0,17,25,116
e79de561c_1515_9284.tiff,119,102,glomeruli,324,234,443,336
e79de561c_1515_9284.tiff,145,116,glomeruli,415,22,560,138
e79de561c_1515_9284.tiff,171,146,glomeruli,237,0,408,146
e79de561c_2020_0.tiff,104,10,glomeruli,281,495,385,505
e79de561c_2020_0.tiff,95,145,glomeruli,749,10,844,155
e79de561c_2020_10128.tiff,164,152,glomeruli,463,353,627,505
e79de561c_2020_10128.tiff,124,112,glomeruli,677,332,801,444
e79de561c_2020_10128.tiff,41,90,glomeruli,0,273,41,363
e79de561c_2020_10128.tiff,149,108,glomeruli,507,0,656,108
e79de561c_2020_1688.tiff,98,30,glomeruli,574,475,672,505
e79de561c_2020_1688.tiff,103,94,glomeruli,0,0,103,94
e79de561c_2020_2532.tiff,203,259,glomeruli,533,131,736,390
e79de561c_2020_3376.tiff,136,28,glomeruli,362,0,498,28
e79de561c_2020_4220.tiff,191,203,glomeruli,252,289,443,492
e79de561c_2020_4220.tiff,178,186,glomeruli,337,38,515,224
e79de561c_2020_4220.tiff,142,109,glomeruli,169,27,311,136
e79de561c_2020_4220.tiff,175,93,glomeruli,550,0,725,93
e79de561c_2020_4220.tiff,125,56,glomeruli,312,0,437,56
e79de561c_2020_5064.tiff,132,69,glomeruli,353,436,485,505
e79de561c_2020_5064.tiff,206,155,glomeruli,638,258,844,413
e79de561c_2020_5908.tiff,146,110,glomeruli,300,378,446,488
e79de561c_2020_5908.tiff,14,80,glomeruli,0,307,14,387
e79de561c_2020_5908.tiff,189,184,glomeruli,399,155,588,339
e79de561c_2020_5908.tiff,134,22,glomeruli,222,0,356,22
e79de561c_2020_6752.tiff,165,145,glomeruli,98,360,263,505
e79de561c_2020_6752.tiff,178,147,glomeruli,471,270,649,417
e79de561c_2020_7596.tiff,154,139,glomeruli,455,335,609,474
e79de561c_2020_7596.tiff,157,52,glomeruli,204,0,361,52
e79de561c_2020_844.tiff,18,2,glomeruli,307,503,325,505
e79de561c_2020_844.tiff,152,23,glomeruli,431,482,583,505
e79de561c_2020_844.tiff,228,154,glomeruli,576,351,804,505
e79de561c_2020_844.tiff,136,138,glomeruli,502,125,638,263
e79de561c_2020_844.tiff,98,141,glomeruli,0,9,98,150
e79de561c_2020_844.tiff,77,91,glomeruli,767,0,844,91
e79de561c_2020_844.tiff,133,117,glomeruli,660,0,793,117
e79de561c_2020_8440.tiff,61,10,glomeruli,718,0,779,10
e79de561c_2020_8440.tiff,117,22,glomeruli,370,0,487,22
e79de561c_2020_9284.tiff,143,101,glomeruli,674,404,817,505
e79de561c_2020_9284.tiff,44,88,glomeruli,800,274,844,362
e79de561c_2525_0.tiff,211,107,glomeruli,631,398,842,505
e79de561c_2525_0.tiff,194,131,glomeruli,230,0,424,131
e79de561c_2525_10128.tiff,99,115,glomeruli,147,283,246,398
e79de561c_2525_10128.tiff,146,124,glomeruli,0,133,146,257
e79de561c_2525_10128.tiff,87,18,glomeruli,516,0,603,18
e79de561c_2525_10972.tiff,93,20,glomeruli,275,485,368,505
e79de561c_2525_10972.tiff,177,149,glomeruli,39,266,216,415
e79de561c_2525_1688.tiff,235,172,glomeruli,187,143,422,315
e79de561c_2525_1688.tiff,99,100,glomeruli,745,113,844,213
e79de561c_2525_1688.tiff,150,128,glomeruli,407,44,557,172
e79de561c_2525_1688.tiff,108,67,glomeruli,567,0,675,67
e79de561c_2525_2532.tiff,108,28,glomeruli,384,477,492,505
e79de561c_2525_2532.tiff,4,29,glomeruli,0,151,4,180
e79de561c_2525_3376.tiff,3,23,glomeruli,841,429,844,452
e79de561c_2525_3376.tiff,99,125,glomeruli,169,319,268,444
e79de561c_2525_4220.tiff,197,148,glomeruli,0,357,197,505
e79de561c_2525_4220.tiff,145,120,glomeruli,287,314,432,434
e79de561c_2525_4220.tiff,158,162,glomeruli,686,118,844,280
e79de561c_2525_5064.tiff,147,176,glomeruli,621,139,768,315
e79de561c_2525_5064.tiff,34,117,glomeruli,0,138,34,255
e79de561c_2525_5064.tiff,127,49,glomeruli,354,0,481,49
e79de561c_2525_5908.tiff,180,67,glomeruli,114,438,294,505
e79de561c_2525_6752.tiff,179,159,glomeruli,47,199,226,358
e79de561c_2525_6752.tiff,146,37,glomeruli,109,0,255,37
e79de561c_2525_7596.tiff,212,189,glomeruli,136,153,348,342
e79de561c_2525_7596.tiff,190,147,glomeruli,653,137,843,284
e79de561c_2525_844.tiff,160,20,glomeruli,604,0,764,20
e79de561c_2525_844.tiff,197,149,glomeruli,401,0,598,149
e79de561c_2525_844.tiff,172,147,glomeruli,220,0,392,147
e79de561c_2525_9284.tiff,139,217,glomeruli,454,236,593,453
e79de561c_2525_9284.tiff,2,29,glomeruli,842,192,844,221
e79de561c_2525_9284.tiff,131,119,glomeruli,90,120,221,239
e79de561c_2525_9284.tiff,83,19,glomeruli,689,0,772,19
e79de561c_3030_0.tiff,202,68,glomeruli,634,0,836,68
e79de561c_3030_10128.tiff,106,62,glomeruli,568,443,674,505
e79de561c_3030_10128.tiff,109,101,glomeruli,495,69,604,170
e79de561c_3030_10972.tiff,186,102,glomeruli,71,403,257,505
e79de561c_3030_10972.tiff,128,147,glomeruli,405,146,533,293
e79de561c_3030_10972.tiff,168,169,glomeruli,256,0,424,169
e79de561c_3030_2532.tiff,146,35,glomeruli,331,470,477,505
e79de561c_3030_2532.tiff,135,125,glomeruli,370,0,505,125
e79de561c_3030_3376.tiff,159,124,glomeruli,236,381,395,505
e79de561c_3030_3376.tiff,136,121,glomeruli,168,267,304,388
e79de561c_3030_3376.tiff,188,198,glomeruli,275,39,463,237
e79de561c_3030_4220.tiff,13,2,glomeruli,73,0,86,2
e79de561c_3030_5064.tiff,213,98,glomeruli,367,407,580,505
e79de561c_3030_5908.tiff,110,78,glomeruli,336,427,446,505
e79de561c_3030_5908.tiff,165,117,glomeruli,638,187,803,304
e79de561c_3030_5908.tiff,205,197,glomeruli,317,6,522,203
e79de561c_3030_5908.tiff,200,94,glomeruli,104,0,304,94
e79de561c_3030_6752.tiff,166,81,glomeruli,411,424,577,505
e79de561c_3030_7596.tiff,87,41,glomeruli,68,464,155,505
e79de561c_3030_844.tiff,147,98,glomeruli,647,349,794,447
e79de561c_3030_8440.tiff,176,192,glomeruli,668,187,844,379
e79de561c_3030_8440.tiff,104,87,glomeruli,633,32,737,119
e79de561c_3030_8440.tiff,209,146,glomeruli,66,3,275,149
e79de561c_3030_9284.tiff,181,87,glomeruli,76,418,257,505
e79de561c_3030_9284.tiff,23,104,glomeruli,0,221,23,325
e79de561c_3030_9284.tiff,220,182,glomeruli,195,55,415,237
e79de561c_3535_10128.tiff,129,122,glomeruli,566,0,695,122
e79de561c_3535_10972.tiff,183,160,glomeruli,14,187,197,347
e79de561c_3535_10972.tiff,168,59,glomeruli,87,0,255,59
e79de561c_3535_1688.tiff,185,126,glomeruli,93,379,278,505
e79de561c_3535_1688.tiff,131,107,glomeruli,589,364,720,471
e79de561c_3535_1688.tiff,102,169,glomeruli,742,89,844,258
e79de561c_3535_2532.tiff,74,154,glomeruli,0,89,74,243
e79de561c_3535_2532.tiff,181,106,glomeruli,313,0,494,106
e79de561c_3535_3376.tiff,143,150,glomeruli,306,328,449,478
e79de561c_3535_3376.tiff,144,62,glomeruli,237,0,381,62
e79de561c_3535_4220.tiff,82,164,glomeruli,762,341,844,505
e79de561c_3535_4220.tiff,48,131,glomeruli,796,151,844,282
e79de561c_3535_4220.tiff,323,232,glomeruli,146,75,469,307
e79de561c_3535_5064.tiff,167,123,glomeruli,584,382,751,505
e79de561c_3535_5064.tiff,97,154,glomeruli,0,351,97,505
e79de561c_3535_5064.tiff,73,149,glomeruli,0,134,73,283
e79de561c_3535_5064.tiff,209,123,glomeruli,369,0,578,123
e79de561c_3535_5908.tiff,151,157,glomeruli,309,0,460,157
e79de561c_3535_6752.tiff,151,191,glomeruli,237,248,388,439
e79de561c_3535_6752.tiff,176,113,glomeruli,411,0,587,113
e79de561c_3535_7596.tiff,213,102,glomeruli,60,403,273,505
e79de561c_3535_7596.tiff,211,137,glomeruli,359,368,570,505
e79de561c_3535_7596.tiff,173,200,glomeruli,32,0,205,200
e79de561c_3535_8440.tiff,214,197,glomeruli,617,285,831,482
e79de561c_3535_8440.tiff,169,179,glomeruli,150,282,319,461
e79de561c_3535_8440.tiff,116,105,glomeruli,278,70,394,175
e79de561c_3535_9284.tiff,183,102,glomeruli,76,0,259,102
e79de561c_4040_10128.tiff,137,163,glomeruli,96,105,233,268
e79de561c_4040_10972.tiff,203,203,glomeruli,505,215,708,418
e79de561c_4040_10972.tiff,73,207,glomeruli,771,148,844,355
e79de561c_4040_11816.tiff,109,216,glomeruli,0,144,109,360
e79de561c_4040_1688.tiff,116,42,glomeruli,517,463,633,505
e79de561c_4040_1688.tiff,159,188,glomeruli,225,317,384,505
e79de561c_4040_1688.tiff,112,125,glomeruli,732,142,844,267
e79de561c_4040_1688.tiff,176,65,glomeruli,98,0,274,65
e79de561c_4040_2532.tiff,157,121,glomeruli,112,384,269,505
e79de561c_4040_2532.tiff,5,54,glomeruli,0,182,5,236
e79de561c_4040_3376.tiff,153,161,glomeruli,223,194,376,355
e79de561c_4040_3376.tiff,128,113,glomeruli,626,75,754,188
e79de561c_4040_4220.tiff,124,114,glomeruli,442,288,566,402
e79de561c_4040_4220.tiff,73,53,glomeruli,771,0,844,53
e79de561c_4040_5064.tiff,129,51,glomeruli,595,0,724,51
e79de561c_4040_5064.tiff,94,61,glomeruli,0,0,94,61
e79de561c_4040_5908.tiff,196,191,glomeruli,442,35,638,226
e79de561c_4040_7596.tiff,177,53,glomeruli,371,0,548,53
e79de561c_4040_7596.tiff,218,100,glomeruli,55,0,273,100
e79de561c_4040_8440.tiff,199,105,glomeruli,226,400,425,505
e79de561c_4040_9284.tiff,77,11,glomeruli,362,494,439,505
e79de561c_4040_9284.tiff,169,170,glomeruli,82,51,251,221
e79de561c_4545_10128.tiff,225,185,glomeruli,236,237,461,422
e79de561c_4545_10972.tiff,187,133,glomeruli,442,325,629,458
e79de561c_4545_11816.tiff,81,94,glomeruli,527,386,608,480
e79de561c_4545_11816.tiff,211,180,glomeruli,77,132,288,312
e79de561c_4545_1688.tiff,118,121,glomeruli,467,142,585,263
e79de561c_4545_1688.tiff,17,60,glomeruli,827,56,844,116
e79de561c_4545_1688.tiff,143,111,glomeruli,488,0,631,111
e79de561c_4545_1688.tiff,130,48,glomeruli,252,0,382,48
e79de561c_4545_2532.tiff,142,199,glomeruli,688,202,830,401
e79de561c_4545_2532.tiff,155,166,glomeruli,0,20,155,186
e79de561c_4545_2532.tiff,101,20,glomeruli,126,0,227,20
e79de561c_4545_3376.tiff,190,96,glomeruli,222,409,412,505
e79de561c_4545_3376.tiff,132,127,glomeruli,418,378,550,505
e79de561c_4545_3376.tiff,22,83,glomeruli,822,261,844,344
e79de561c_4545_3376.tiff,146,130,glomeruli,486,249,632,379
e79de561c_4545_3376.tiff,147,146,glomeruli,636,86,783,232
e79de561c_4545_4220.tiff,124,148,glomeruli,0,223,124,371
e79de561c_4545_5064.tiff,117,106,glomeruli,717,356,834,462
e79de561c_4545_5064.tiff,182,153,glomeruli,435,340,617,493
e79de561c_4545_5908.tiff,173,191,glomeruli,225,226,398,417
e79de561c_4545_6752.tiff,208,141,glomeruli,225,364,433,505
e79de561c_4545_8440.tiff,178,51,glomeruli,236,0,414,51
e79de561c_4545_9284.tiff,198,81,glomeruli,147,424,345,505
e79de561c_4545_9284.tiff,211,161,glomeruli,1,114,212,275
e79de561c_4545_9284.tiff,186,173,glomeruli,322,0,508,173
e79de561c_5050_10128.tiff,241,178,glomeruli,496,240,737,418
e79de561c_5050_10972.tiff,134,38,glomeruli,94,467,228,505
e79de561c_5050_11816.tiff,187,178,glomeruli,70,283,257,461
e79de561c_5050_1688.tiff,8,62,glomeruli,836,319,844,381
e79de561c_5050_1688.tiff,158,129,glomeruli,341,67,499,196
e79de561c_5050_2532.tiff,134,230,glomeruli,0,241,134,471
e79de561c_5050_3376.tiff,187,53,glomeruli,184,452,371,505
e79de561c_5050_3376.tiff,118,50,glomeruli,422,0,540,50
e79de561c_5050_3376.tiff,187,69,glomeruli,224,0,411,69
e79de561c_5050_4220.tiff,17,128,glomeruli,827,253,844,381
e79de561c_5050_5064.tiff,232,104,glomeruli,334,401,566,505
e79de561c_5050_5064.tiff,144,179,glomeruli,0,225,144,404
e79de561c_5050_5064.tiff,150,166,glomeruli,414,173,564,339
e79de561c_5050_5908.tiff,208,210,glomeruli,636,295,844,505
e79de561c_5050_6752.tiff,119,183,glomeruli,0,322,119,505
e79de561c_5050_6752.tiff,202,81,glomeruli,225,0,427,81
e79de561c_5050_8440.tiff,186,118,glomeruli,543,42,729,160
e79de561c_5050_9284.tiff,199,127,glomeruli,145,0,344,127
e79de561c_505_6752.tiff,212,73,glomeruli,247,432,459,505
e79de561c_505_7596.tiff,46,97,glomeruli,798,381,844,478
e79de561c_505_8440.tiff,94,104,glomeruli,0,377,94,481
e79de561c_505_9284.tiff,192,173,glomeruli,233,332,425,505
e79de561c_5555_10128.tiff,99,40,glomeruli,517,465,616,505
e79de561c_5555_10128.tiff,130,191,glomeruli,0,266,130,457
e79de561c_5555_10972.tiff,239,201,glomeruli,477,206,716,407
e79de561c_5555_10972.tiff,164,130,glomeruli,447,53,611,183
e79de561c_5555_10972.tiff,170,129,glomeruli,90,0,260,129
e79de561c_5555_3376.tiff,153,65,glomeruli,566,440,719,505
e79de561c_5555_3376.tiff,173,76,glomeruli,396,429,569,505
e79de561c_5555_3376.tiff,225,161,glomeruli,172,0,397,161
e79de561c_5555_4220.tiff,205,66,glomeruli,369,439,574,505
e79de561c_5555_4220.tiff,157,162,glomeruli,31,195,188,357
e79de561c_5555_4220.tiff,170,130,glomeruli,447,125,617,255
e79de561c_5555_5064.tiff,229,81,glomeruli,336,0,565,81
e79de561c_5555_5908.tiff,154,68,glomeruli,690,0,844,68
e79de561c_5555_6752.tiff,210,191,glomeruli,588,314,798,505
e79de561c_5555_6752.tiff,46,55,glomeruli,0,0,46,55
e79de561c_5555_7596.tiff,128,199,glomeruli,716,77,844,276
e79de561c_5555_8440.tiff,150,36,glomeruli,259,469,409,505
e79de561c_5555_8440.tiff,159,138,glomeruli,248,178,407,316
e79de561c_5555_8440.tiff,66,194,glomeruli,0,80,66,274
e79de561c_5555_9284.tiff,140,36,glomeruli,394,469,534,505
e79de561c_5555_9284.tiff,89,184,glomeruli,755,270,844,454
e79de561c_6060_10128.tiff,185,170,glomeruli,110,3,295,173
e79de561c_6060_10128.tiff,135,98,glomeruli,517,0,652,98
e79de561c_6060_2532.tiff,132,103,glomeruli,351,331,483,434
e79de561c_6060_3376.tiff,170,60,glomeruli,507,445,677,505
e79de561c_6060_3376.tiff,189,183,glomeruli,503,132,692,315
e79de561c_6060_3376.tiff,340,122,glomeruli,383,0,723,122
e79de561c_6060_4220.tiff,181,194,glomeruli,252,93,433,287
e79de561c_6060_4220.tiff,216,126,glomeruli,364,0,580,126
e79de561c_6060_5908.tiff,106,105,glomeruli,738,400,844,505
e79de561c_6060_6752.tiff,35,82,glomeruli,0,423,35,505
e79de561c_6060_8440.tiff,184,170,glomeruli,342,260,526,430
e79de561c_6060_8440.tiff,243,173,glomeruli,206,0,449,173
e79de561c_6060_9284.tiff,193,143,glomeruli,500,362,693,505
e79de561c_6060_9284.tiff,137,132,glomeruli,133,32,270,164
e79de561c_6060_9284.tiff,183,135,glomeruli,367,0,550,135
e79de561c_6565_3376.tiff,100,125,glomeruli,191,265,291,390
e79de561c_6565_3376.tiff,92,112,glomeruli,275,165,367,277
e79de561c_6565_3376.tiff,193,130,glomeruli,491,0,684,130
e79de561c_6565_4220.tiff,248,140,glomeruli,544,365,792,505
e79de561c_6565_4220.tiff,161,172,glomeruli,29,283,190,455
e79de561c_6565_4220.tiff,189,187,glomeruli,151,171,340,358
e79de561c_6565_5908.tiff,101,80,glomeruli,743,0,844,80
e79de561c_6565_6752.tiff,34,57,glomeruli,0,0,34,57
e79de561c_6565_7596.tiff,158,197,glomeruli,686,105,844,302
e79de561c_6565_8440.tiff,130,62,glomeruli,193,443,323,505
e79de561c_6565_8440.tiff,75,179,glomeruli,0,117,75,296
e79de561c_6565_8440.tiff,129,209,glomeruli,715,39,844,248
e79de561c_6565_9284.tiff,112,206,glomeruli,0,40,112,246
e79de561c_6565_9284.tiff,141,38,glomeruli,529,0,670,38
e79de561c_7070_2532.tiff,49,172,glomeruli,795,179,844,351
e79de561c_7070_2532.tiff,304,284,glomeruli,420,129,724,413
e79de561c_7070_3376.tiff,122,213,glomeruli,0,159,122,372
e79de561c_7070_3376.tiff,191,182,glomeruli,170,29,361,211
e79de561c_7070_4220.tiff,177,155,glomeruli,667,279,844,434
e79de561c_7070_4220.tiff,160,168,glomeruli,288,24,448,192
e79de561c_7070_4220.tiff,238,60,glomeruli,549,0,787,60
e79de561c_7070_5064.tiff,8,73,glomeruli,0,307,8,380
e79de561c_7070_8440.tiff,165,121,glomeruli,192,0,357,121
