filename,width,height,class,xmin,ymin,xmax,ymax
0486052bb_10050_3815.tiff,118,123,glomeruli,427,279,545,402
0486052bb_10050_4360.tiff,92,125,glomeruli,0,277,92,402
0486052bb_10050_4360.tiff,193,167,glomeruli,307,108,500,275
0486052bb_10050_4905.tiff,106,79,glomeruli,117,218,223,297
0486052bb_10050_4905.tiff,121,126,glomeruli,424,74,545,200
0486052bb_10050_5450.tiff,30,98,glomeruli,0,83,30,181
0486052bb_10050_5995.tiff,198,155,glomeruli,69,71,267,226
0486052bb_10050_6540.tiff,204,153,glomeruli,236,195,440,348
0486052bb_10452_3270.tiff,216,202,glomeruli,287,178,503,380
0486052bb_10452_3815.tiff,118,66,glomeruli,427,0,545,66
0486052bb_10452_4360.tiff,131,35,glomeruli,234,367,365,402
0486052bb_10452_4360.tiff,118,106,glomeruli,163,147,281,253
0486052bb_10452_4360.tiff,88,70,glomeruli,0,0,88,70
0486052bb_10452_5450.tiff,120,77,glomeruli,253,325,373,402
0486052bb_10854_4360.tiff,91,13,glomeruli,300,389,391,402
0486052bb_10854_4360.tiff,162,126,glomeruli,225,0,387,126
0486052bb_10854_4905.tiff,149,87,glomeruli,377,222,526,309
0486052bb_10854_5450.tiff,116,46,glomeruli,254,0,370,46
0486052bb_11256_4360.tiff,175,107,glomeruli,270,0,445,107
0486052bb_1206_10355.tiff,172,149,glomeruli,312,253,484,402
0486052bb_1206_10900.tiff,13,80,glomeruli,532,278,545,358
0486052bb_1206_10900.tiff,182,146,glomeruli,231,256,413,402
0486052bb_1206_11445.tiff,136,191,glomeruli,0,211,136,402
0486052bb_1206_11445.tiff,117,78,glomeruli,94,0,211,78
0486052bb_1206_11990.tiff,12,78,glomeruli,533,239,545,317
0486052bb_1206_12535.tiff,152,193,glomeruli,0,176,152,369
0486052bb_1206_13625.tiff,93,103,glomeruli,452,299,545,402
0486052bb_1206_14170.tiff,97,107,glomeruli,0,295,97,402
0486052bb_1206_14170.tiff,161,168,glomeruli,124,168,285,336
0486052bb_1206_15260.tiff,160,165,glomeruli,25,46,185,211
0486052bb_1206_4360.tiff,93,37,glomeruli,165,365,258,402
0486052bb_1206_4905.tiff,167,152,glomeruli,9,250,176,402
0486052bb_1206_4905.tiff,111,139,glomeruli,434,0,545,139
0486052bb_1206_4905.tiff,106,26,glomeruli,296,0,402,26
0486052bb_1206_5450.tiff,175,176,glomeruli,3,183,178,359
0486052bb_1206_5450.tiff,190,87,glomeruli,301,0,491,87
0486052bb_1206_5450.tiff,33,108,glomeruli,0,0,33,108
0486052bb_1206_6540.tiff,137,176,glomeruli,60,204,197,380
0486052bb_1206_7085.tiff,44,65,glomeruli,501,0,545,65
0486052bb_1206_7085.tiff,130,88,glomeruli,261,0,391,88
0486052bb_1206_7630.tiff,179,128,glomeruli,269,0,448,128
0486052bb_1206_7630.tiff,57,65,glomeruli,0,0,57,65
0486052bb_1206_8175.tiff,68,118,glomeruli,477,284,545,402
0486052bb_1206_8175.tiff,14,49,glomeruli,531,0,545,49
0486052bb_1206_8720.tiff,132,94,glomeruli,239,308,371,402
0486052bb_1206_8720.tiff,58,116,glomeruli,0,286,58,402
0486052bb_1206_8720.tiff,183,90,glomeruli,0,0,183,90
0486052bb_1206_9265.tiff,182,123,glomeruli,18,279,200,402
0486052bb_1206_9265.tiff,81,94,glomeruli,249,0,330,94
0486052bb_1206_9810.tiff,114,69,glomeruli,92,333,206,402
0486052bb_1608_10355.tiff,88,32,glomeruli,321,0,409,32
0486052bb_1608_10900.tiff,136,147,glomeruli,14,62,150,209
0486052bb_1608_10900.tiff,154,52,glomeruli,236,0,390,52
0486052bb_1608_11445.tiff,83,150,glomeruli,462,226,545,376
0486052bb_1608_11445.tiff,16,5,glomeruli,57,0,73,5
0486052bb_1608_11990.tiff,69,136,glomeruli,0,225,69,361
0486052bb_1608_11990.tiff,138,168,glomeruli,259,10,397,178
0486052bb_1608_13080.tiff,149,166,glomeruli,354,150,503,316
0486052bb_1608_13625.tiff,179,171,glomeruli,159,231,338,402
0486052bb_1608_13625.tiff,92,82,glomeruli,453,0,545,82
0486052bb_1608_14170.tiff,22,114,glomeruli,523,88,545,202
0486052bb_1608_14170.tiff,86,73,glomeruli,0,0,86,73
0486052bb_1608_14715.tiff,149,198,glomeruli,396,199,545,397
0486052bb_1608_14715.tiff,151,182,glomeruli,0,52,151,234
0486052bb_1608_15260.tiff,20,96,glomeruli,0,261,20,357
0486052bb_1608_4360.tiff,32,151,glomeruli,513,139,545,290
0486052bb_1608_4360.tiff,207,189,glomeruli,60,0,267,189
0486052bb_1608_4905.tiff,163,155,glomeruli,229,194,392,349
0486052bb_1608_4905.tiff,124,191,glomeruli,0,108,124,299
0486052bb_1608_4905.tiff,84,21,glomeruli,39,0,123,21
0486052bb_1608_6540.tiff,98,114,glomeruli,54,118,152,232
0486052bb_1608_6540.tiff,165,199,glomeruli,348,32,513,231
0486052bb_1608_8175.tiff,146,128,glomeruli,70,11,216,139
0486052bb_1608_8175.tiff,44,12,glomeruli,499,0,543,12
0486052bb_1608_8720.tiff,118,53,glomeruli,248,0,366,53
0486052bb_1608_9265.tiff,153,41,glomeruli,20,0,173,41
0486052bb_1608_9810.tiff,106,46,glomeruli,98,0,204,46
0486052bb_2010_10355.tiff,153,218,glomeruli,147,64,300,282
0486052bb_2010_10900.tiff,66,105,glomeruli,479,144,545,249
0486052bb_2010_11445.tiff,59,105,glomeruli,0,144,59,249
0486052bb_2010_11445.tiff,157,181,glomeruli,127,8,284,189
0486052bb_2010_11990.tiff,188,160,glomeruli,357,51,545,211
0486052bb_2010_13625.tiff,132,156,glomeruli,38,149,170,305
0486052bb_2010_13625.tiff,127,36,glomeruli,189,0,316,36
0486052bb_2010_14715.tiff,210,206,glomeruli,13,195,223,401
0486052bb_2010_15805.tiff,13,11,glomeruli,114,22,127,33
0486052bb_2010_4905.tiff,119,33,glomeruli,58,369,177,402
0486052bb_2010_7085.tiff,119,40,glomeruli,342,362,461,402
0486052bb_2010_7630.tiff,7,99,glomeruli,538,119,545,218
0486052bb_2010_8175.tiff,114,173,glomeruli,0,81,114,254
0486052bb_2412_10355.tiff,60,94,glomeruli,42,148,102,242
0486052bb_2412_10355.tiff,165,192,glomeruli,203,134,368,326
0486052bb_2412_10355.tiff,154,178,glomeruli,385,27,539,205
0486052bb_2412_12535.tiff,142,195,glomeruli,286,38,428,233
0486052bb_2412_13625.tiff,89,108,glomeruli,352,145,441,253
0486052bb_2412_14170.tiff,174,179,glomeruli,106,24,280,203
0486052bb_2412_4905.tiff,149,176,glomeruli,203,60,352,236
0486052bb_2412_4905.tiff,166,118,glomeruli,39,0,205,118
0486052bb_2412_5995.tiff,65,23,glomeruli,256,379,321,402
0486052bb_2412_7085.tiff,126,142,glomeruli,419,260,545,402
0486052bb_2412_7085.tiff,153,128,glomeruli,319,0,472,128
0486052bb_2814_3815.tiff,146,128,glomeruli,236,206,382,334
0486052bb_2814_4905.tiff,19,19,glomeruli,526,383,545,402
0486052bb_2814_4905.tiff,159,64,glomeruli,21,338,180,402
0486052bb_2814_4905.tiff,58,141,glomeruli,487,198,545,339
0486052bb_2814_4905.tiff,161,204,glomeruli,192,189,353,393
0486052bb_2814_5450.tiff,136,52,glomeruli,0,350,136,402
0486052bb_2814_5450.tiff,82,147,glomeruli,0,194,82,341
0486052bb_2814_5450.tiff,167,153,glomeruli,12,0,179,153
0486052bb_2814_5995.tiff,95,113,glomeruli,230,0,325,113
0486052bb_2814_6540.tiff,157,136,glomeruli,181,266,338,402
0486052bb_2814_7085.tiff,157,177,glomeruli,11,167,168,344
0486052bb_2814_7085.tiff,39,7,glomeruli,446,0,485,7
0486052bb_3216_2725.tiff,28,109,glomeruli,517,190,545,299
0486052bb_3216_3270.tiff,125,155,glomeruli,0,154,125,309
0486052bb_3216_3815.tiff,133,129,glomeruli,362,109,495,238
0486052bb_3216_3815.tiff,196,172,glomeruli,35,49,231,221
0486052bb_3216_4905.tiff,46,103,glomeruli,499,0,545,103
0486052bb_3216_4905.tiff,174,111,glomeruli,8,0,182,111
0486052bb_3216_5450.tiff,68,144,glomeruli,477,71,545,215
0486052bb_3216_5450.tiff,133,103,glomeruli,0,0,133,103
0486052bb_3216_5995.tiff,88,164,glomeruli,0,60,88,224
0486052bb_3216_6540.tiff,107,27,glomeruli,207,0,314,27
0486052bb_3618_3270.tiff,139,34,glomeruli,212,368,351,402
0486052bb_3618_4905.tiff,220,177,glomeruli,317,225,537,402
0486052bb_4020_3270.tiff,212,128,glomeruli,195,274,407,402
0486052bb_4020_3270.tiff,177,152,glomeruli,193,0,370,152
0486052bb_4020_4905.tiff,142,151,glomeruli,219,84,361,235
0486052bb_4422_1635.tiff,7,2,glomeruli,352,400,359,402
0486052bb_4422_1635.tiff,110,43,glomeruli,379,359,489,402
0486052bb_4422_1635.tiff,68,177,glomeruli,477,225,545,402
0486052bb_4422_2180.tiff,90,22,glomeruli,153,380,243,402
0486052bb_4422_2180.tiff,104,183,glomeruli,0,219,104,402
0486052bb_4422_3270.tiff,155,133,glomeruli,388,254,543,387
0486052bb_4422_3270.tiff,189,76,glomeruli,195,0,384,76
0486052bb_4824_1635.tiff,39,27,glomeruli,506,0,545,27
0486052bb_4824_1635.tiff,172,160,glomeruli,336,0,508,160
0486052bb_4824_2180.tiff,166,168,glomeruli,228,185,394,353
0486052bb_4824_2180.tiff,152,133,glomeruli,128,0,280,133
0486052bb_4824_2180.tiff,62,28,glomeruli,0,0,62,28
0486052bb_4824_3815.tiff,94,144,glomeruli,451,171,545,315
0486052bb_4824_4360.tiff,120,168,glomeruli,425,192,545,360
0486052bb_4824_4360.tiff,103,159,glomeruli,0,166,103,325
0486052bb_4824_4905.tiff,110,44,glomeruli,435,358,545,402
0486052bb_4824_4905.tiff,55,162,glomeruli,0,199,55,361
0486052bb_4824_5450.tiff,19,29,glomeruli,0,373,19,402
0486052bb_5226_2725.tiff,115,89,glomeruli,259,313,374,402
0486052bb_5226_2725.tiff,133,149,glomeruli,351,64,484,213
0486052bb_5226_3270.tiff,146,165,glomeruli,399,147,545,312
0486052bb_5226_3815.tiff,54,115,glomeruli,0,158,54,273
0486052bb_5226_4905.tiff,117,119,glomeruli,428,0,545,119
0486052bb_5226_5450.tiff,24,107,glomeruli,0,0,24,107
0486052bb_5628_2725.tiff,31,2,glomeruli,280,0,311,2
0486052bb_5628_3270.tiff,4,15,glomeruli,541,387,545,402
0486052bb_5628_3270.tiff,139,118,glomeruli,250,284,389,402
0486052bb_5628_3815.tiff,190,70,glomeruli,0,332,190,402
0486052bb_5628_3815.tiff,139,147,glomeruli,406,255,545,402
0486052bb_5628_4360.tiff,92,145,glomeruli,0,253,92,398
0486052bb_5628_4905.tiff,137,72,glomeruli,220,330,357,402
0486052bb_5628_4905.tiff,124,135,glomeruli,421,267,545,402
0486052bb_5628_5450.tiff,42,124,glomeruli,0,278,42,402
0486052bb_6030_2725.tiff,118,29,glomeruli,427,373,545,402
0486052bb_6030_2725.tiff,114,104,glomeruli,283,261,397,365
0486052bb_6030_3270.tiff,16,12,glomeruli,0,390,16,402
0486052bb_6030_3270.tiff,3,19,glomeruli,542,0,545,19
0486052bb_6030_3270.tiff,93,21,glomeruli,276,0,369,21
0486052bb_6030_3815.tiff,193,161,glomeruli,341,8,534,169
0486052bb_6030_3815.tiff,191,91,glomeruli,0,0,191,91
0486052bb_6030_4905.tiff,102,43,glomeruli,443,0,545,43
0486052bb_6030_4905.tiff,135,63,glomeruli,221,0,356,63
0486052bb_6030_5450.tiff,22,26,glomeruli,0,0,22,26
0486052bb_6432_2725.tiff,158,153,glomeruli,387,0,545,153
0486052bb_6432_3270.tiff,43,117,glomeruli,0,0,43,117
0486052bb_6834_2725.tiff,210,75,glomeruli,317,327,527,402
0486052bb_6834_2725.tiff,92,161,glomeruli,453,186,545,347
0486052bb_6834_2725.tiff,9,44,glomeruli,536,47,545,91
0486052bb_6834_3270.tiff,88,156,glomeruli,0,191,88,347
0486052bb_6834_3270.tiff,84,66,glomeruli,0,38,84,104
0486052bb_7236_2725.tiff,219,100,glomeruli,308,0,527,100
0486052bb_7638_3815.tiff,157,52,glomeruli,363,350,520,402
0486052bb_8040_3815.tiff,149,167,glomeruli,32,45,181,212
0486052bb_8040_3815.tiff,163,116,glomeruli,362,0,525,116
0486052bb_8040_4360.tiff,139,175,glomeruli,364,54,503,229
0486052bb_8040_4905.tiff,156,29,glomeruli,224,373,380,402
0486052bb_8040_4905.tiff,165,147,glomeruli,174,59,339,206
0486052bb_804_11445.tiff,71,11,glomeruli,121,391,192,402
0486052bb_804_4905.tiff,67,12,glomeruli,478,390,545,402
0486052bb_804_4905.tiff,189,152,glomeruli,289,250,478,402
0486052bb_804_5450.tiff,13,9,glomeruli,0,393,13,402
0486052bb_804_5450.tiff,194,81,glomeruli,305,321,499,402
0486052bb_804_7085.tiff,80,14,glomeruli,289,388,369,402
0486052bb_804_7085.tiff,30,27,glomeruli,515,375,545,402
0486052bb_804_7630.tiff,103,23,glomeruli,310,379,413,402
0486052bb_804_7630.tiff,53,32,glomeruli,0,370,53,402
0486052bb_804_8175.tiff,14,56,glomeruli,531,346,545,402
0486052bb_804_8720.tiff,186,84,glomeruli,0,318,186,402
0486052bb_804_9265.tiff,24,6,glomeruli,279,396,303,402
0486052bb_804_9265.tiff,205,156,glomeruli,27,236,232,392
0486052bb_8442_2725.tiff,79,168,glomeruli,466,10,545,178
0486052bb_8442_3270.tiff,70,162,glomeruli,0,14,70,176
0486052bb_8442_4360.tiff,193,136,glomeruli,226,266,419,402
0486052bb_8442_4360.tiff,8,61,glomeruli,537,130,545,191
0486052bb_8442_4905.tiff,198,178,glomeruli,0,51,198,229
0486052bb_8442_4905.tiff,182,106,glomeruli,220,0,402,106
0486052bb_8844_3815.tiff,262,135,glomeruli,204,267,466,402
0486052bb_8844_3815.tiff,81,96,glomeruli,207,177,288,273
0486052bb_8844_3815.tiff,177,161,glomeruli,283,59,460,220
0486052bb_8844_4360.tiff,166,41,glomeruli,234,0,400,41
0486052bb_9246_3815.tiff,170,72,glomeruli,194,330,364,402
0486052bb_9246_3815.tiff,222,196,glomeruli,103,152,325,348
0486052bb_9246_3815.tiff,237,94,glomeruli,218,0,455,94
0486052bb_9246_4905.tiff,188,111,glomeruli,18,291,206,402
0486052bb_9246_4905.tiff,4,42,glomeruli,541,220,545,262
0486052bb_9246_5450.tiff,97,89,glomeruli,0,187,97,276
0486052bb_9648_3815.tiff,238,205,glomeruli,80,38,318,243
0486052bb_9648_3815.tiff,166,77,glomeruli,194,0,360,77
0486052bb_9648_4905.tiff,182,161,glomeruli,49,92,231,253
0486052bb_9648_4905.tiff,154,35,glomeruli,30,0,184,35
0486052bb_9648_5450.tiff,12,65,glomeruli,533,281,545,346
0486052bb_9648_5995.tiff,1,2,glomeruli,544,252,545,254
0486052bb_9648_5995.tiff,140,147,glomeruli,0,244,140,391
0486052bb_9648_6540.tiff,184,197,glomeruli,0,167,184,364
095bf7a1f_10132_10353.tiff,211,149,glomeruli,395,203,606,352
095bf7a1f_10132_10353.tiff,253,173,glomeruli,226,0,479,173
095bf7a1f_10132_11571.tiff,190,57,glomeruli,36,539,226,596
095bf7a1f_10132_11571.tiff,163,222,glomeruli,446,374,609,596
095bf7a1f_10132_1218.tiff,152,189,glomeruli,457,0,609,189
095bf7a1f_10132_12180.tiff,46,192,glomeruli,0,378,46,570
095bf7a1f_10132_13398.tiff,59,11,glomeruli,20,585,79,596
095bf7a1f_10132_1827.tiff,64,10,glomeruli,54,586,118,596
095bf7a1f_10132_1827.tiff,225,257,glomeruli,369,226,594,483
095bf7a1f_10132_1827.tiff,53,170,glomeruli,0,0,53,170
095bf7a1f_10132_2436.tiff,179,49,glomeruli,333,547,512,596
095bf7a1f_10132_2436.tiff,50,45,glomeruli,559,0,609,45
095bf7a1f_10132_3045.tiff,117,33,glomeruli,440,563,557,596
095bf7a1f_10132_3045.tiff,166,192,glomeruli,443,195,609,387
095bf7a1f_10132_3045.tiff,112,59,glomeruli,0,0,112,59
095bf7a1f_10132_3654.tiff,188,187,glomeruli,247,237,435,424
095bf7a1f_10132_3654.tiff,108,106,glomeruli,501,229,609,335
095bf7a1f_10132_3654.tiff,101,161,glomeruli,0,227,101,388
095bf7a1f_10132_3654.tiff,71,136,glomeruli,538,0,609,136
095bf7a1f_10132_3654.tiff,122,51,glomeruli,128,0,250,51
095bf7a1f_10132_4263.tiff,17,44,glomeruli,0,283,17,327
095bf7a1f_10132_4263.tiff,111,146,glomeruli,175,218,286,364
095bf7a1f_10132_4263.tiff,176,176,glomeruli,0,1,176,177
095bf7a1f_10132_4872.tiff,161,34,glomeruli,60,562,221,596
095bf7a1f_10132_4872.tiff,215,126,glomeruli,175,0,390,126
095bf7a1f_10132_5481.tiff,146,33,glomeruli,459,0,605,33
095bf7a1f_10132_6090.tiff,65,6,glomeruli,376,590,441,596
095bf7a1f_10132_6090.tiff,71,174,glomeruli,538,377,609,551
095bf7a1f_10132_6699.tiff,97,175,glomeruli,0,377,97,552
095bf7a1f_10132_6699.tiff,163,181,glomeruli,122,0,285,181
095bf7a1f_10132_7308.tiff,146,148,glomeruli,265,347,411,495
095bf7a1f_10132_7308.tiff,135,255,glomeruli,474,79,609,334
095bf7a1f_10132_7308.tiff,58,17,glomeruli,447,0,505,17
095bf7a1f_10132_7917.tiff,86,23,glomeruli,449,573,535,596
095bf7a1f_10132_7917.tiff,16,120,glomeruli,0,120,16,240
095bf7a1f_10132_7917.tiff,172,66,glomeruli,45,0,217,66
095bf7a1f_10132_8526.tiff,161,120,glomeruli,62,476,223,596
095bf7a1f_10132_8526.tiff,208,192,glomeruli,37,56,245,248
095bf7a1f_10132_9135.tiff,140,167,glomeruli,185,429,325,596
095bf7a1f_10132_9135.tiff,33,172,glomeruli,576,415,609,587
095bf7a1f_10132_9135.tiff,138,181,glomeruli,52,116,190,297
095bf7a1f_10132_9135.tiff,113,54,glomeruli,1,0,114,54
095bf7a1f_10132_9744.tiff,194,194,glomeruli,404,402,598,596
095bf7a1f_10132_9744.tiff,143,209,glomeruli,0,387,143,596
095bf7a1f_10132_9744.tiff,148,154,glomeruli,299,60,447,214
095bf7a1f_10728_10353.tiff,146,169,glomeruli,22,427,168,596
095bf7a1f_10728_10353.tiff,205,191,glomeruli,49,113,254,304
095bf7a1f_10728_10353.tiff,21,149,glomeruli,0,76,21,225
095bf7a1f_10728_10962.tiff,87,58,glomeruli,522,538,609,596
095bf7a1f_10728_11571.tiff,98,59,glomeruli,0,537,98,596
095bf7a1f_10728_11571.tiff,92,15,glomeruli,486,0,578,15
095bf7a1f_10728_11571.tiff,227,124,glomeruli,23,0,250,124
095bf7a1f_10728_1218.tiff,152,153,glomeruli,447,443,599,596
095bf7a1f_10728_12789.tiff,72,194,glomeruli,537,10,609,204
095bf7a1f_10728_13398.tiff,125,201,glomeruli,0,0,125,201
095bf7a1f_10728_1827.tiff,130,137,glomeruli,18,0,148,137
095bf7a1f_10728_2436.tiff,206,110,glomeruli,327,0,533,110
095bf7a1f_10728_3045.tiff,187,220,glomeruli,422,0,609,220
095bf7a1f_10728_3654.tiff,171,103,glomeruli,351,493,522,596
095bf7a1f_10728_3654.tiff,101,168,glomeruli,0,51,101,219
095bf7a1f_10728_4263.tiff,158,203,glomeruli,62,229,220,432
095bf7a1f_10728_4263.tiff,53,154,glomeruli,556,58,609,212
095bf7a1f_10728_4872.tiff,148,182,glomeruli,86,220,234,402
095bf7a1f_10728_4872.tiff,229,228,glomeruli,0,0,229,228
095bf7a1f_10728_6090.tiff,111,146,glomeruli,230,450,341,596
095bf7a1f_10728_6090.tiff,77,174,glomeruli,532,125,609,299
095bf7a1f_10728_6090.tiff,155,124,glomeruli,166,13,321,137
095bf7a1f_10728_6090.tiff,120,136,glomeruli,355,0,475,136
095bf7a1f_10728_6699.tiff,99,164,glomeruli,0,136,99,300
095bf7a1f_10728_7917.tiff,60,142,glomeruli,549,454,609,596
095bf7a1f_10728_7917.tiff,179,204,glomeruli,421,0,600,204
095bf7a1f_10728_8526.tiff,25,7,glomeruli,356,589,381,596
095bf7a1f_10728_8526.tiff,88,142,glomeruli,0,454,88,596
095bf7a1f_10728_8526.tiff,186,201,glomeruli,417,275,603,476
095bf7a1f_10728_8526.tiff,146,57,glomeruli,75,0,221,57
095bf7a1f_10728_9135.tiff,140,156,glomeruli,272,181,412,337
095bf7a1f_10728_9135.tiff,54,8,glomeruli,220,0,274,8
095bf7a1f_10728_9744.tiff,171,221,glomeruli,438,35,609,256
095bf7a1f_10728_9744.tiff,106,32,glomeruli,442,0,548,32
095bf7a1f_10728_9744.tiff,55,8,glomeruli,25,0,80,8
095bf7a1f_11324_10353.tiff,176,98,glomeruli,0,498,176,596
095bf7a1f_11324_10353.tiff,395,226,glomeruli,214,370,609,596
095bf7a1f_11324_10353.tiff,58,10,glomeruli,72,0,130,10
095bf7a1f_11324_10962.tiff,3,8,glomeruli,0,588,3,596
095bf7a1f_11324_10962.tiff,120,148,glomeruli,489,0,609,148
095bf7a1f_11324_11571.tiff,216,206,glomeruli,387,390,603,596
095bf7a1f_11324_11571.tiff,119,142,glomeruli,0,0,119,142
095bf7a1f_11324_12180.tiff,4,1,glomeruli,78,595,82,596
095bf7a1f_11324_12180.tiff,191,149,glomeruli,409,447,600,596
095bf7a1f_11324_12789.tiff,50,141,glomeruli,559,264,609,405
095bf7a1f_11324_12789.tiff,175,144,glomeruli,399,205,574,349
095bf7a1f_11324_12789.tiff,141,137,glomeruli,468,78,609,215
095bf7a1f_11324_13398.tiff,222,214,glomeruli,0,218,222,432
095bf7a1f_11324_13398.tiff,7,57,glomeruli,0,103,7,160
095bf7a1f_11324_14007.tiff,142,38,glomeruli,115,558,257,596
095bf7a1f_11324_14007.tiff,128,102,glomeruli,481,494,609,596
095bf7a1f_11324_14616.tiff,30,101,glomeruli,0,495,30,596
095bf7a1f_11324_1827.tiff,164,158,glomeruli,34,322,198,480
095bf7a1f_11324_2436.tiff,164,69,glomeruli,419,527,583,596
095bf7a1f_11324_2436.tiff,228,181,glomeruli,166,275,394,456
095bf7a1f_11324_3045.tiff,221,181,glomeruli,90,104,311,285
095bf7a1f_11324_3654.tiff,123,163,glomeruli,486,413,609,576
095bf7a1f_11324_3654.tiff,171,212,glomeruli,333,124,504,336
095bf7a1f_11324_3654.tiff,177,91,glomeruli,352,0,529,91
095bf7a1f_11324_4263.tiff,33,106,glomeruli,0,470,33,576
095bf7a1f_11324_4872.tiff,114,33,glomeruli,259,563,373,596
095bf7a1f_11324_4872.tiff,73,193,glomeruli,536,309,609,502
095bf7a1f_11324_5481.tiff,97,193,glomeruli,0,309,97,502
095bf7a1f_11324_6090.tiff,95,51,glomeruli,243,0,338,51
095bf7a1f_11324_7917.tiff,83,185,glomeruli,526,24,609,209
095bf7a1f_11324_7917.tiff,16,15,glomeruli,593,0,609,15
095bf7a1f_11324_8526.tiff,136,133,glomeruli,6,463,142,596
095bf7a1f_11324_8526.tiff,64,179,glomeruli,545,347,609,526
095bf7a1f_11324_8526.tiff,188,206,glomeruli,351,259,539,465
095bf7a1f_11324_8526.tiff,80,187,glomeruli,0,24,80,211
095bf7a1f_11324_8526.tiff,170,202,glomeruli,311,0,481,202
095bf7a1f_11324_8526.tiff,46,19,glomeruli,0,0,46,19
095bf7a1f_11324_9135.tiff,134,194,glomeruli,0,343,134,537
095bf7a1f_11324_9744.tiff,13,74,glomeruli,596,522,609,596
095bf7a1f_11324_9744.tiff,147,184,glomeruli,369,188,516,372
095bf7a1f_11920_10353.tiff,191,167,glomeruli,418,0,609,167
095bf7a1f_11920_10353.tiff,185,128,glomeruli,0,0,185,128
095bf7a1f_11920_10962.tiff,175,209,glomeruli,61,335,236,544
095bf7a1f_11920_10962.tiff,7,67,glomeruli,0,0,7,67
095bf7a1f_11920_11571.tiff,143,193,glomeruli,466,403,609,596
095bf7a1f_11920_11571.tiff,113,184,glomeruli,496,30,609,214
095bf7a1f_11920_11571.tiff,86,30,glomeruli,417,0,503,30
095bf7a1f_11920_12180.tiff,159,149,glomeruli,0,447,159,596
095bf7a1f_11920_12180.tiff,169,162,glomeruli,148,434,317,596
095bf7a1f_11920_12180.tiff,192,186,glomeruli,126,86,318,272
095bf7a1f_11920_12180.tiff,170,75,glomeruli,413,0,583,75
095bf7a1f_11920_12180.tiff,161,214,glomeruli,0,0,161,214
095bf7a1f_11920_14007.tiff,123,69,glomeruli,486,0,609,69
095bf7a1f_11920_14007.tiff,408,240,glomeruli,74,0,482,240
095bf7a1f_11920_14616.tiff,29,62,glomeruli,0,0,29,62
095bf7a1f_11920_1827.tiff,62,79,glomeruli,544,481,606,560
095bf7a1f_11920_2436.tiff,197,126,glomeruli,411,0,608,126
095bf7a1f_11920_3045.tiff,126,34,glomeruli,233,562,359,596
095bf7a1f_11920_3045.tiff,138,149,glomeruli,471,334,609,483
095bf7a1f_11920_3045.tiff,222,219,glomeruli,159,287,381,506
095bf7a1f_11920_3654.tiff,5,47,glomeruli,0,411,5,458
095bf7a1f_11920_3654.tiff,5,55,glomeruli,604,385,609,440
095bf7a1f_11920_3654.tiff,229,191,glomeruli,120,297,349,488
095bf7a1f_11920_4263.tiff,197,192,glomeruli,0,350,197,542
095bf7a1f_11920_4872.tiff,162,183,glomeruli,223,0,385,183
095bf7a1f_11920_5481.tiff,151,163,glomeruli,3,71,154,234
095bf7a1f_11920_6090.tiff,134,70,glomeruli,172,526,306,596
095bf7a1f_11920_6090.tiff,160,212,glomeruli,254,6,414,218
095bf7a1f_11920_6699.tiff,156,92,glomeruli,66,504,222,596
095bf7a1f_11920_6699.tiff,301,262,glomeruli,305,334,606,596
095bf7a1f_11920_6699.tiff,21,96,glomeruli,588,302,609,398
095bf7a1f_11920_6699.tiff,106,106,glomeruli,157,109,263,215
095bf7a1f_11920_7308.tiff,167,121,glomeruli,53,475,220,596
095bf7a1f_11920_7308.tiff,176,187,glomeruli,0,257,176,444
095bf7a1f_11920_7308.tiff,129,151,glomeruli,394,96,523,247
095bf7a1f_11920_7917.tiff,176,131,glomeruli,363,465,539,596
095bf7a1f_11920_7917.tiff,120,175,glomeruli,489,201,609,376
095bf7a1f_11920_7917.tiff,176,161,glomeruli,304,151,480,312
095bf7a1f_11920_8526.tiff,60,147,glomeruli,0,229,60,376
095bf7a1f_11920_8526.tiff,105,204,glomeruli,504,76,609,280
095bf7a1f_11920_8526.tiff,96,35,glomeruli,26,0,122,35
095bf7a1f_11920_9135.tiff,144,134,glomeruli,226,193,370,327
095bf7a1f_11920_9135.tiff,91,196,glomeruli,0,80,91,276
095bf7a1f_11920_9744.tiff,164,140,glomeruli,25,278,189,418
095bf7a1f_11920_9744.tiff,9,52,glomeruli,600,0,609,52
095bf7a1f_12516_10353.tiff,83,132,glomeruli,0,459,83,591
095bf7a1f_12516_10353.tiff,168,168,glomeruli,0,22,168,190
095bf7a1f_12516_10962.tiff,158,203,glomeruli,408,224,566,427
095bf7a1f_12516_11571.tiff,239,255,glomeruli,170,285,409,540
095bf7a1f_12516_11571.tiff,50,20,glomeruli,559,0,609,20
095bf7a1f_12516_12180.tiff,198,207,glomeruli,35,302,233,509
095bf7a1f_12516_12180.tiff,83,16,glomeruli,177,0,260,16
095bf7a1f_12516_12180.tiff,162,48,glomeruli,0,0,162,48
095bf7a1f_12516_12789.tiff,207,214,glomeruli,109,257,316,471
095bf7a1f_12516_12789.tiff,191,171,glomeruli,92,84,283,255
095bf7a1f_12516_14007.tiff,36,139,glomeruli,573,114,609,253
095bf7a1f_12516_14616.tiff,125,154,glomeruli,0,106,125,260
095bf7a1f_12516_1827.tiff,86,17,glomeruli,139,579,225,596
095bf7a1f_12516_3045.tiff,165,150,glomeruli,219,0,384,150
095bf7a1f_12516_3654.tiff,133,177,glomeruli,453,153,586,330
095bf7a1f_12516_4263.tiff,57,138,glomeruli,552,237,609,375
095bf7a1f_12516_4872.tiff,123,168,glomeruli,0,228,123,396
095bf7a1f_12516_5481.tiff,127,77,glomeruli,211,519,338,596
095bf7a1f_12516_6090.tiff,180,119,glomeruli,51,477,231,596
095bf7a1f_12516_6090.tiff,144,136,glomeruli,42,112,186,248
095bf7a1f_12516_6090.tiff,136,124,glomeruli,170,0,306,124
095bf7a1f_12516_6699.tiff,132,201,glomeruli,411,74,543,275
095bf7a1f_12516_6699.tiff,42,5,glomeruli,518,0,560,5
095bf7a1f_12516_6699.tiff,131,42,glomeruli,67,0,198,42
095bf7a1f_12516_7308.tiff,164,185,glomeruli,108,97,272,282
095bf7a1f_12516_7308.tiff,144,64,glomeruli,66,0,210,64
095bf7a1f_12516_7917.tiff,167,66,glomeruli,368,0,535,66
095bf7a1f_12516_8526.tiff,1,3,glomeruli,608,553,609,556
095bf7a1f_12516_8526.tiff,143,115,glomeruli,436,188,579,303
095bf7a1f_12516_9135.tiff,178,167,glomeruli,0,429,178,596
095bf7a1f_12516_9135.tiff,134,138,glomeruli,271,200,405,338
095bf7a1f_12516_9135.tiff,151,121,glomeruli,298,44,449,165
095bf7a1f_12516_9135.tiff,147,158,glomeruli,120,24,267,182
095bf7a1f_12516_9744.tiff,44,129,glomeruli,565,461,609,590
095bf7a1f_12516_9744.tiff,18,67,glomeruli,591,83,609,150
095bf7a1f_13112_10353.tiff,191,169,glomeruli,70,427,261,596
095bf7a1f_13112_10962.tiff,194,121,glomeruli,353,475,547,596
095bf7a1f_13112_11571.tiff,182,146,glomeruli,24,332,206,478
095bf7a1f_13112_11571.tiff,62,180,glomeruli,547,37,609,217
095bf7a1f_13112_12180.tiff,179,222,glomeruli,0,18,179,240
095bf7a1f_13112_12789.tiff,221,221,glomeruli,261,15,482,236
095bf7a1f_13112_14007.tiff,128,114,glomeruli,268,141,396,255
095bf7a1f_13112_14616.tiff,195,86,glomeruli,58,510,253,596
095bf7a1f_13112_1827.tiff,152,177,glomeruli,114,0,266,177
095bf7a1f_13112_2436.tiff,192,131,glomeruli,183,465,375,596
095bf7a1f_13112_3045.tiff,257,198,glomeruli,39,337,296,535
095bf7a1f_13112_3654.tiff,170,196,glomeruli,97,87,267,283
095bf7a1f_13112_4263.tiff,88,130,glomeruli,521,422,609,552
095bf7a1f_13112_4872.tiff,39,104,glomeruli,0,446,39,550
095bf7a1f_13112_4872.tiff,154,189,glomeruli,58,236,212,425
095bf7a1f_13112_5481.tiff,60,20,glomeruli,284,576,344,596
095bf7a1f_13112_5481.tiff,173,233,glomeruli,2,118,175,351
095bf7a1f_13112_5481.tiff,135,162,glomeruli,210,0,345,162
095bf7a1f_13112_6090.tiff,177,118,glomeruli,57,478,234,596
095bf7a1f_13112_6090.tiff,186,109,glomeruli,48,0,234,109
095bf7a1f_13112_6699.tiff,50,192,glomeruli,559,233,609,425
095bf7a1f_13112_6699.tiff,219,167,glomeruli,16,151,235,318
095bf7a1f_13112_7308.tiff,113,191,glomeruli,0,234,113,425
095bf7a1f_13112_7917.tiff,116,117,glomeruli,112,344,228,461
095bf7a1f_13112_8526.tiff,102,127,glomeruli,103,122,205,249
095bf7a1f_13112_9135.tiff,75,141,glomeruli,534,455,609,596
095bf7a1f_13112_9135.tiff,113,129,glomeruli,89,149,202,278
095bf7a1f_13112_9135.tiff,156,26,glomeruli,7,0,163,26
095bf7a1f_13112_9744.tiff,92,146,glomeruli,0,450,92,596
095bf7a1f_13112_9744.tiff,161,121,glomeruli,127,413,288,534
095bf7a1f_13708_10353.tiff,113,170,glomeruli,0,283,113,453
095bf7a1f_13708_10353.tiff,85,11,glomeruli,147,0,232,11
095bf7a1f_13708_10962.tiff,226,288,glomeruli,379,49,605,337
095bf7a1f_13708_10962.tiff,150,43,glomeruli,366,0,516,43
095bf7a1f_13708_12180.tiff,228,171,glomeruli,90,101,318,272
095bf7a1f_13708_12789.tiff,211,236,glomeruli,273,172,484,408
095bf7a1f_13708_13398.tiff,195,215,glomeruli,285,219,480,434
095bf7a1f_13708_14007.tiff,139,57,glomeruli,470,539,609,596
095bf7a1f_13708_14616.tiff,47,54,glomeruli,0,542,47,596
095bf7a1f_13708_14616.tiff,207,206,glomeruli,133,356,340,562
095bf7a1f_13708_14616.tiff,188,82,glomeruli,58,0,246,82
095bf7a1f_13708_2436.tiff,170,50,glomeruli,205,0,375,50
095bf7a1f_13708_4263.tiff,154,143,glomeruli,273,161,427,304
095bf7a1f_13708_4263.tiff,141,141,glomeruli,253,18,394,159
095bf7a1f_13708_5481.tiff,77,97,glomeruli,275,0,352,97
095bf7a1f_13708_6090.tiff,170,97,glomeruli,262,499,432,596
095bf7a1f_13708_6090.tiff,197,104,glomeruli,53,0,250,104
095bf7a1f_13708_6699.tiff,200,208,glomeruli,110,199,310,407
095bf7a1f_13708_6699.tiff,176,201,glomeruli,407,171,583,372
095bf7a1f_13708_7917.tiff,136,136,glomeruli,10,377,146,513
095bf7a1f_13708_7917.tiff,101,84,glomeruli,508,334,609,418
095bf7a1f_13708_8526.tiff,2,11,glomeruli,0,362,2,373
095bf7a1f_13708_8526.tiff,242,175,glomeruli,7,63,249,238
095bf7a1f_13708_9135.tiff,48,24,glomeruli,561,0,609,24
095bf7a1f_13708_9744.tiff,35,117,glomeruli,574,307,609,424
095bf7a1f_13708_9744.tiff,61,24,glomeruli,0,0,61,24
095bf7a1f_14304_10353.tiff,116,40,glomeruli,173,556,289,596
095bf7a1f_14304_10353.tiff,154,159,glomeruli,236,325,390,484
095bf7a1f_14304_10353.tiff,128,138,glomeruli,481,300,609,438
095bf7a1f_14304_10962.tiff,44,119,glomeruli,0,306,44,425
095bf7a1f_14304_14007.tiff,160,141,glomeruli,449,0,609,141
095bf7a1f_14304_14616.tiff,60,112,glomeruli,0,0,60,112
095bf7a1f_14304_3045.tiff,126,181,glomeruli,483,106,609,287
095bf7a1f_14304_3654.tiff,14,104,glomeruli,595,294,609,398
095bf7a1f_14304_3654.tiff,83,170,glomeruli,0,106,83,276
095bf7a1f_14304_4263.tiff,149,181,glomeruli,0,263,149,444
095bf7a1f_14304_4263.tiff,94,124,glomeruli,167,222,261,346
095bf7a1f_14304_4263.tiff,124,248,glomeruli,485,34,609,282
095bf7a1f_14304_4263.tiff,160,198,glomeruli,110,6,270,204
095bf7a1f_14304_4872.tiff,93,242,glomeruli,0,40,93,282
095bf7a1f_14304_6090.tiff,18,44,glomeruli,591,114,609,158
095bf7a1f_14304_6090.tiff,161,95,glomeruli,278,0,439,95
095bf7a1f_14304_6699.tiff,5,4,glomeruli,604,592,609,596
095bf7a1f_14304_6699.tiff,155,110,glomeruli,0,82,155,192
095bf7a1f_14304_7308.tiff,139,39,glomeruli,0,557,139,596
095bf7a1f_14304_7308.tiff,202,149,glomeruli,371,306,573,455
095bf7a1f_14304_7308.tiff,200,207,glomeruli,93,167,293,374
095bf7a1f_14304_8526.tiff,199,173,glomeruli,232,374,431,547
095bf7a1f_14304_9135.tiff,206,165,glomeruli,63,397,269,562
095bf7a1f_14304_9744.tiff,173,169,glomeruli,50,349,223,518
095bf7a1f_14900_10353.tiff,63,126,glomeruli,546,470,609,596
095bf7a1f_14900_10353.tiff,179,147,glomeruli,145,0,324,147
095bf7a1f_14900_10962.tiff,165,127,glomeruli,0,469,165,596
095bf7a1f_14900_11571.tiff,107,182,glomeruli,502,185,609,367
095bf7a1f_14900_11571.tiff,217,192,glomeruli,213,169,430,361
095bf7a1f_14900_12180.tiff,184,182,glomeruli,425,349,609,531
095bf7a1f_14900_12180.tiff,127,157,glomeruli,380,195,507,352
095bf7a1f_14900_12180.tiff,68,175,glomeruli,0,184,68,359
095bf7a1f_14900_12789.tiff,40,120,glomeruli,0,357,40,477
095bf7a1f_14900_13398.tiff,15,69,glomeruli,594,190,609,259
095bf7a1f_14900_13398.tiff,211,167,glomeruli,127,139,338,306
095bf7a1f_14900_14007.tiff,231,208,glomeruli,24,328,255,536
095bf7a1f_14900_14007.tiff,203,206,glomeruli,0,127,203,333
095bf7a1f_14900_14616.tiff,233,119,glomeruli,376,477,609,596
095bf7a1f_14900_14616.tiff,257,148,glomeruli,119,448,376,596
095bf7a1f_14900_14616.tiff,208,173,glomeruli,398,238,606,411
095bf7a1f_14900_15225.tiff,7,38,glomeruli,0,527,7,565
095bf7a1f_14900_6699.tiff,22,97,glomeruli,587,0,609,97
095bf7a1f_14900_7308.tiff,104,99,glomeruli,324,197,428,296
095bf7a1f_14900_7308.tiff,140,193,glomeruli,469,25,609,218
095bf7a1f_14900_7308.tiff,190,142,glomeruli,0,0,190,142
095bf7a1f_14900_7917.tiff,90,183,glomeruli,0,34,90,217
095bf7a1f_15496_10353.tiff,188,204,glomeruli,264,319,452,523
095bf7a1f_15496_10353.tiff,103,195,glomeruli,0,209,103,404
095bf7a1f_15496_10353.tiff,34,26,glomeruli,575,0,609,26
095bf7a1f_15496_10962.tiff,28,140,glomeruli,581,454,609,594
095bf7a1f_15496_10962.tiff,163,67,glomeruli,0,0,163,67
095bf7a1f_15496_11571.tiff,190,154,glomeruli,0,442,190,596
095bf7a1f_15496_11571.tiff,143,200,glomeruli,466,386,609,586
095bf7a1f_15496_11571.tiff,197,167,glomeruli,222,299,419,466
095bf7a1f_15496_12180.tiff,42,10,glomeruli,461,586,503,596
095bf7a1f_15496_12180.tiff,210,143,glomeruli,170,453,380,596
095bf7a1f_15496_12180.tiff,55,153,glomeruli,0,428,55,581
095bf7a1f_15496_12789.tiff,35,6,glomeruli,293,590,328,596
095bf7a1f_15496_12789.tiff,116,127,glomeruli,407,395,523,522
095bf7a1f_15496_12789.tiff,112,238,glomeruli,497,67,609,305
095bf7a1f_15496_13398.tiff,105,107,glomeruli,504,489,609,596
095bf7a1f_15496_13398.tiff,173,189,glomeruli,368,78,541,267
095bf7a1f_15496_13398.tiff,66,232,glomeruli,0,67,66,299
095bf7a1f_15496_14007.tiff,129,114,glomeruli,0,482,129,596
095bf7a1f_15496_14616.tiff,212,60,glomeruli,374,0,586,60
095bf7a1f_15496_14616.tiff,158,37,glomeruli,150,0,308,37
095bf7a1f_15496_9744.tiff,134,195,glomeruli,475,203,609,398
095bf7a1f_16092_10353.tiff,74,240,glomeruli,0,110,74,350
095bf7a1f_16092_11571.tiff,167,45,glomeruli,2,0,169,45
095bf7a1f_16092_12180.tiff,347,209,glomeruli,210,0,557,209
095bf7a1f_16092_12789.tiff,263,140,glomeruli,239,456,502,596
095bf7a1f_16092_12789.tiff,210,234,glomeruli,210,0,420,234
095bf7a1f_16092_13398.tiff,202,175,glomeruli,145,318,347,493
095bf7a1f_16092_13398.tiff,197,192,glomeruli,146,69,343,261
095bf7a1f_16092_13398.tiff,106,105,glomeruli,503,0,609,105
095bf7a1f_16092_14007.tiff,123,107,glomeruli,0,0,123,107
095bf7a1f_16092_9744.tiff,115,249,glomeruli,494,105,609,354
095bf7a1f_16688_12789.tiff,263,108,glomeruli,232,0,495,108
095bf7a1f_16688_13398.tiff,268,118,glomeruli,327,478,595,596
095bf7a1f_16688_14007.tiff,76,11,glomeruli,526,585,602,596
095bf7a1f_16688_14616.tiff,216,163,glomeruli,67,433,283,596
095bf7a1f_16688_14616.tiff,461,231,glomeruli,85,45,546,276
095bf7a1f_16688_6699.tiff,78,85,glomeruli,130,485,208,570
095bf7a1f_17284_13398.tiff,261,103,glomeruli,330,0,591,103
095bf7a1f_17284_14007.tiff,157,170,glomeruli,452,0,609,170
095bf7a1f_17284_14616.tiff,57,155,glomeruli,0,2,57,157
095bf7a1f_17284_14616.tiff,206,62,glomeruli,68,0,274,62
095bf7a1f_1788_6699.tiff,153,124,glomeruli,456,472,609,596
095bf7a1f_1788_7308.tiff,114,135,glomeruli,0,455,114,590
095bf7a1f_2384_5481.tiff,116,17,glomeruli,428,579,544,596
095bf7a1f_2384_6090.tiff,190,160,glomeruli,105,153,295,313
095bf7a1f_2384_6699.tiff,68,60,glomeruli,541,536,609,596
095bf7a1f_2384_6699.tiff,170,170,glomeruli,212,337,382,507
095bf7a1f_2384_6699.tiff,179,128,glomeruli,430,0,609,128
095bf7a1f_2384_7308.tiff,208,95,glomeruli,0,501,208,596
095bf7a1f_2384_7308.tiff,10,58,glomeruli,0,19,10,77
095bf7a1f_2384_7917.tiff,139,124,glomeruli,388,430,527,554
095bf7a1f_2980_4872.tiff,215,196,glomeruli,349,347,564,543
095bf7a1f_2980_5481.tiff,153,81,glomeruli,183,515,336,596
095bf7a1f_2980_5481.tiff,213,157,glomeruli,394,0,607,157
095bf7a1f_2980_6090.tiff,83,46,glomeruli,526,550,609,596
095bf7a1f_2980_6090.tiff,155,178,glomeruli,446,387,601,565
095bf7a1f_2980_6090.tiff,198,184,glomeruli,199,317,397,501
095bf7a1f_2980_6699.tiff,81,46,glomeruli,0,550,81,596
095bf7a1f_2980_6699.tiff,75,121,glomeruli,534,0,609,121
095bf7a1f_2980_7308.tiff,197,161,glomeruli,0,0,197,161
095bf7a1f_2980_7917.tiff,107,91,glomeruli,318,503,425,594
095bf7a1f_2980_7917.tiff,191,171,glomeruli,418,425,609,596
095bf7a1f_2980_8526.tiff,40,124,glomeruli,0,465,40,589
095bf7a1f_3576_4872.tiff,165,214,glomeruli,23,2,188,216
095bf7a1f_3576_5481.tiff,204,210,glomeruli,405,73,609,283
095bf7a1f_3576_5481.tiff,163,98,glomeruli,174,0,337,98
095bf7a1f_3576_6090.tiff,258,207,glomeruli,306,389,564,596
095bf7a1f_3576_6090.tiff,202,218,glomeruli,64,167,266,385
095bf7a1f_3576_6090.tiff,18,138,glomeruli,0,117,18,255
095bf7a1f_3576_6090.tiff,118,141,glomeruli,491,0,609,141
095bf7a1f_3576_6699.tiff,174,246,glomeruli,176,221,350,467
095bf7a1f_3576_6699.tiff,98,141,glomeruli,0,0,98,141
095bf7a1f_3576_7308.tiff,185,28,glomeruli,270,568,455,596
095bf7a1f_3576_7917.tiff,50,7,glomeruli,539,0,589,7
095bf7a1f_3576_9135.tiff,117,124,glomeruli,109,234,226,358
095bf7a1f_4172_6090.tiff,62,6,glomeruli,424,0,486,6
095bf7a1f_4172_7308.tiff,25,119,glomeruli,584,176,609,295
095bf7a1f_4172_7308.tiff,161,169,glomeruli,1,41,162,210
095bf7a1f_4172_7308.tiff,236,155,glomeruli,254,0,490,155
095bf7a1f_4172_7917.tiff,193,186,glomeruli,0,148,193,334
095bf7a1f_4768_11571.tiff,227,239,glomeruli,46,238,273,477
095bf7a1f_4768_3654.tiff,76,48,glomeruli,533,548,609,596
095bf7a1f_4768_4263.tiff,63,41,glomeruli,0,555,63,596
095bf7a1f_4768_4263.tiff,248,197,glomeruli,189,189,437,386
095bf7a1f_4768_4872.tiff,111,57,glomeruli,498,539,609,596
095bf7a1f_4768_5481.tiff,41,44,glomeruli,0,552,41,596
095bf7a1f_4768_5481.tiff,214,193,glomeruli,137,393,351,586
095bf7a1f_4768_5481.tiff,171,158,glomeruli,121,239,292,397
095bf7a1f_4768_6090.tiff,175,201,glomeruli,179,91,354,292
095bf7a1f_4768_6699.tiff,176,177,glomeruli,433,301,609,478
095bf7a1f_4768_6699.tiff,219,169,glomeruli,338,161,557,330
095bf7a1f_4768_7308.tiff,89,178,glomeruli,0,303,89,481
095bf7a1f_5364_3654.tiff,93,162,glomeruli,516,0,609,162
095bf7a1f_5364_4263.tiff,201,164,glomeruli,202,432,403,596
095bf7a1f_5364_4263.tiff,100,154,glomeruli,0,0,100,154
095bf7a1f_5364_4872.tiff,122,114,glomeruli,487,0,609,114
095bf7a1f_5364_5481.tiff,189,207,glomeruli,420,195,609,402
095bf7a1f_5364_5481.tiff,41,98,glomeruli,0,0,41,98
095bf7a1f_5364_6090.tiff,29,151,glomeruli,0,223,29,374
095bf7a1f_5364_6699.tiff,157,108,glomeruli,452,488,609,596
095bf7a1f_5364_6699.tiff,218,174,glomeruli,13,149,231,323
095bf7a1f_5364_7308.tiff,62,111,glomeruli,0,485,62,596
095bf7a1f_5364_7308.tiff,213,124,glomeruli,75,472,288,596
095bf7a1f_5364_8526.tiff,240,225,glomeruli,316,211,556,436
095bf7a1f_5960_3045.tiff,44,123,glomeruli,565,222,609,345
095bf7a1f_5960_3654.tiff,189,240,glomeruli,420,356,609,596
095bf7a1f_5960_3654.tiff,90,136,glomeruli,0,221,90,357
095bf7a1f_5960_3654.tiff,165,153,glomeruli,148,22,313,175
095bf7a1f_5960_4263.tiff,13,69,glomeruli,0,398,13,467
095bf7a1f_5960_4263.tiff,120,20,glomeruli,213,0,333,20
095bf7a1f_5960_6699.tiff,65,15,glomeruli,62,581,127,596
095bf7a1f_5960_6699.tiff,13,75,glomeruli,596,313,609,388
095bf7a1f_5960_6699.tiff,225,179,glomeruli,10,254,235,433
095bf7a1f_5960_6699.tiff,153,82,glomeruli,456,0,609,82
095bf7a1f_5960_7308.tiff,227,189,glomeruli,0,270,227,459
095bf7a1f_5960_7308.tiff,227,145,glomeruli,75,0,302,145
095bf7a1f_5960_7308.tiff,27,71,glomeruli,0,0,27,71
095bf7a1f_5960_7917.tiff,217,192,glomeruli,316,40,533,232
095bf7a1f_6556_10353.tiff,48,79,glomeruli,0,517,48,596
095bf7a1f_6556_10353.tiff,133,109,glomeruli,367,284,500,393
095bf7a1f_6556_10962.tiff,129,257,glomeruli,480,304,609,561
095bf7a1f_6556_11571.tiff,99,270,glomeruli,0,290,99,560
095bf7a1f_6556_3045.tiff,194,171,glomeruli,317,425,511,596
095bf7a1f_6556_3045.tiff,165,158,glomeruli,267,76,432,234
095bf7a1f_6556_3654.tiff,204,194,glomeruli,405,402,609,596
095bf7a1f_6556_3654.tiff,33,5,glomeruli,447,0,480,5
095bf7a1f_6556_4263.tiff,11,87,glomeruli,0,470,11,557
095bf7a1f_6556_4263.tiff,206,189,glomeruli,349,270,555,459
095bf7a1f_6556_4872.tiff,19,14,glomeruli,590,582,609,596
095bf7a1f_6556_4872.tiff,135,125,glomeruli,141,45,276,170
095bf7a1f_6556_5481.tiff,191,77,glomeruli,0,519,191,596
095bf7a1f_6556_5481.tiff,162,166,glomeruli,203,196,365,362
095bf7a1f_6556_6090.tiff,204,117,glomeruli,149,479,353,596
095bf7a1f_6556_6699.tiff,133,140,glomeruli,29,0,162,140
095bf7a1f_6556_7917.tiff,161,217,glomeruli,448,372,609,589
095bf7a1f_6556_8526.tiff,141,83,glomeruli,468,513,609,596
095bf7a1f_6556_8526.tiff,27,138,glomeruli,0,418,27,556
095bf7a1f_6556_9135.tiff,44,78,glomeruli,0,518,44,596
095bf7a1f_6556_9744.tiff,138,82,glomeruli,471,514,609,596
095bf7a1f_7152_10353.tiff,217,189,glomeruli,177,48,394,237
095bf7a1f_7152_10353.tiff,51,106,glomeruli,0,0,51,106
095bf7a1f_7152_11571.tiff,225,214,glomeruli,331,363,556,577
095bf7a1f_7152_12180.tiff,203,175,glomeruli,43,421,246,596
095bf7a1f_7152_12180.tiff,234,211,glomeruli,251,4,485,215
095bf7a1f_7152_3045.tiff,232,227,glomeruli,215,252,447,479
095bf7a1f_7152_3045.tiff,112,10,glomeruli,369,0,481,10
095bf7a1f_7152_3654.tiff,117,14,glomeruli,446,0,563,14
095bf7a1f_7152_4872.tiff,175,66,glomeruli,425,530,600,596
095bf7a1f_7152_4872.tiff,4,25,glomeruli,605,488,609,513
095bf7a1f_7152_4872.tiff,38,71,glomeruli,571,0,609,71
095bf7a1f_7152_5481.tiff,264,159,glomeruli,0,432,264,591
095bf7a1f_7152_5481.tiff,193,107,glomeruli,0,0,193,107
095bf7a1f_7152_6090.tiff,162,143,glomeruli,383,53,545,196
095bf7a1f_7152_6090.tiff,206,102,glomeruli,157,0,363,102
095bf7a1f_7152_6699.tiff,185,229,glomeruli,424,258,609,487
095bf7a1f_7152_7308.tiff,59,179,glomeruli,0,305,59,484
095bf7a1f_7152_8526.tiff,9,67,glomeruli,600,529,609,596
095bf7a1f_7152_8526.tiff,141,85,glomeruli,468,0,609,85
095bf7a1f_7152_9135.tiff,231,127,glomeruli,0,469,231,596
095bf7a1f_7152_9135.tiff,32,43,glomeruli,0,0,32,43
095bf7a1f_7152_9744.tiff,189,214,glomeruli,236,67,425,281
095bf7a1f_7152_9744.tiff,148,109,glomeruli,461,0,609,109
095bf7a1f_7748_10353.tiff,87,111,glomeruli,0,485,87,596
095bf7a1f_7748_10353.tiff,229,231,glomeruli,109,362,338,593
095bf7a1f_7748_10353.tiff,8,59,glomeruli,0,164,8,223
095bf7a1f_7748_10353.tiff,137,167,glomeruli,472,117,609,284
095bf7a1f_7748_10962.tiff,39,131,glomeruli,0,121,39,252
095bf7a1f_7748_10962.tiff,160,148,glomeruli,269,114,429,262
095bf7a1f_7748_11571.tiff,132,235,glomeruli,477,180,609,415
095bf7a1f_7748_11571.tiff,288,244,glomeruli,48,165,336,409
095bf7a1f_7748_12180.tiff,133,164,glomeruli,360,373,493,537
095bf7a1f_7748_12180.tiff,96,95,glomeruli,513,205,609,300
095bf7a1f_7748_12180.tiff,72,219,glomeruli,0,197,72,416
095bf7a1f_7748_12180.tiff,77,18,glomeruli,76,0,153,18
095bf7a1f_7748_12789.tiff,51,89,glomeruli,0,208,51,297
095bf7a1f_7748_1827.tiff,110,20,glomeruli,400,576,510,596
095bf7a1f_7748_2436.tiff,180,164,glomeruli,227,156,407,320
095bf7a1f_7748_3045.tiff,135,168,glomeruli,46,182,181,350
095bf7a1f_7748_3654.tiff,149,99,glomeruli,5,454,154,553
095bf7a1f_7748_4872.tiff,203,425,glomeruli,406,0,609,425
095bf7a1f_7748_5481.tiff,8,72,glomeruli,0,63,8,135
095bf7a1f_7748_6090.tiff,59,201,glomeruli,550,216,609,417
095bf7a1f_7748_6699.tiff,251,218,glomeruli,0,207,251,425
095bf7a1f_7748_7917.tiff,165,107,glomeruli,213,489,378,596
095bf7a1f_7748_7917.tiff,344,377,glomeruli,36,32,380,409
095bf7a1f_7748_8526.tiff,163,47,glomeruli,239,549,402,596
095bf7a1f_7748_8526.tiff,228,251,glomeruli,97,338,325,589
095bf7a1f_7748_8526.tiff,10,41,glomeruli,599,0,609,41
095bf7a1f_7748_9135.tiff,226,63,glomeruli,0,0,226,63
095bf7a1f_7748_9744.tiff,106,124,glomeruli,503,472,609,596
095bf7a1f_7748_9744.tiff,194,180,glomeruli,98,145,292,325
095bf7a1f_7748_9744.tiff,206,172,glomeruli,403,79,609,251
095bf7a1f_8344_10353.tiff,89,105,glomeruli,0,0,89,105
095bf7a1f_8344_10962.tiff,185,183,glomeruli,383,413,568,596
095bf7a1f_8344_11571.tiff,62,152,glomeruli,547,51,609,203
095bf7a1f_8344_12180.tiff,88,193,glomeruli,521,158,609,351
095bf7a1f_8344_12180.tiff,66,149,glomeruli,0,54,66,203
095bf7a1f_8344_12789.tiff,153,192,glomeruli,0,158,153,350
095bf7a1f_8344_1827.tiff,156,151,glomeruli,354,0,510,151
095bf7a1f_8344_2436.tiff,207,133,glomeruli,263,26,470,159
095bf7a1f_8344_3045.tiff,128,123,glomeruli,294,420,422,543
095bf7a1f_8344_4263.tiff,250,231,glomeruli,159,263,409,494
095bf7a1f_8344_4872.tiff,167,243,glomeruli,442,278,609,521
095bf7a1f_8344_5481.tiff,5,55,glomeruli,0,393,5,448
095bf7a1f_8344_6090.tiff,191,229,glomeruli,389,367,580,596
095bf7a1f_8344_6090.tiff,212,183,glomeruli,218,83,430,266
095bf7a1f_8344_6090.tiff,120,149,glomeruli,446,60,566,209
095bf7a1f_8344_6699.tiff,196,367,glomeruli,413,229,609,596
095bf7a1f_8344_7308.tiff,79,119,glomeruli,0,477,79,596
095bf7a1f_8344_7308.tiff,89,159,glomeruli,0,231,89,390
095bf7a1f_8344_7917.tiff,173,204,glomeruli,53,144,226,348
095bf7a1f_8344_7917.tiff,128,43,glomeruli,235,0,363,43
095bf7a1f_8344_8526.tiff,87,251,glomeruli,522,114,609,365
095bf7a1f_8344_8526.tiff,231,186,glomeruli,218,0,449,186
095bf7a1f_8344_9135.tiff,137,150,glomeruli,304,141,441,291
095bf7a1f_8344_9135.tiff,104,246,glomeruli,0,117,104,363
095bf7a1f_8344_9744.tiff,106,119,glomeruli,503,0,609,119
095bf7a1f_8940_10353.tiff,141,64,glomeruli,60,532,201,596
095bf7a1f_8940_10353.tiff,49,104,glomeruli,0,423,49,527
095bf7a1f_8940_10962.tiff,56,207,glomeruli,553,47,609,254
095bf7a1f_8940_10962.tiff,106,21,glomeruli,415,0,521,21
095bf7a1f_8940_11571.tiff,221,189,glomeruli,233,407,454,596
095bf7a1f_8940_11571.tiff,170,151,glomeruli,439,136,609,287
095bf7a1f_8940_11571.tiff,191,230,glomeruli,0,28,191,258
095bf7a1f_8940_1218.tiff,106,170,glomeruli,268,426,374,596
095bf7a1f_8940_1218.tiff,28,130,glomeruli,581,210,609,340
095bf7a1f_8940_12180.tiff,22,95,glomeruli,0,156,22,251
095bf7a1f_8940_12180.tiff,153,199,glomeruli,300,57,453,256
095bf7a1f_8940_12789.tiff,39,3,glomeruli,555,593,594,596
095bf7a1f_8940_12789.tiff,244,164,glomeruli,149,288,393,452
095bf7a1f_8940_12789.tiff,2,15,glomeruli,607,69,609,84
095bf7a1f_8940_12789.tiff,188,211,glomeruli,359,13,547,224
095bf7a1f_8940_13398.tiff,153,42,glomeruli,207,554,360,596
095bf7a1f_8940_13398.tiff,194,146,glomeruli,0,15,194,161
095bf7a1f_8940_1827.tiff,163,172,glomeruli,0,188,163,360
095bf7a1f_8940_1827.tiff,151,171,glomeruli,324,87,475,258
095bf7a1f_8940_2436.tiff,31,102,glomeruli,578,228,609,330
095bf7a1f_8940_3045.tiff,79,7,glomeruli,39,589,118,596
095bf7a1f_8940_3045.tiff,100,133,glomeruli,0,216,100,349
095bf7a1f_8940_4872.tiff,128,138,glomeruli,481,458,609,596
095bf7a1f_8940_5481.tiff,79,112,glomeruli,0,484,79,596
095bf7a1f_8940_6090.tiff,176,175,glomeruli,327,281,503,456
095bf7a1f_8940_6090.tiff,30,5,glomeruli,514,0,544,5
095bf7a1f_8940_6699.tiff,84,72,glomeruli,525,0,609,72
095bf7a1f_8940_7308.tiff,72,129,glomeruli,537,260,609,389
095bf7a1f_8940_7308.tiff,215,190,glomeruli,309,33,524,223
095bf7a1f_8940_7308.tiff,68,72,glomeruli,0,0,68,72
095bf7a1f_8940_7917.tiff,165,71,glomeruli,436,525,601,596
095bf7a1f_8940_7917.tiff,32,114,glomeruli,0,264,32,378
095bf7a1f_8940_9744.tiff,52,104,glomeruli,557,423,609,527
095bf7a1f_9536_10353.tiff,73,15,glomeruli,313,581,386,596
095bf7a1f_9536_10353.tiff,178,208,glomeruli,61,0,239,208
095bf7a1f_9536_11571.tiff,124,36,glomeruli,280,0,404,36
095bf7a1f_9536_1218.tiff,133,43,glomeruli,476,553,609,596
095bf7a1f_9536_1218.tiff,146,207,glomeruli,336,40,482,247
095bf7a1f_9536_1218.tiff,30,4,glomeruli,295,0,325,4
095bf7a1f_9536_12789.tiff,155,204,glomeruli,132,277,287,481
095bf7a1f_9536_12789.tiff,135,158,glomeruli,474,0,609,158
095bf7a1f_9536_13398.tiff,10,35,glomeruli,0,22,10,57
095bf7a1f_9536_13398.tiff,246,168,glomeruli,196,0,442,168
095bf7a1f_9536_1827.tiff,8,8,glomeruli,0,588,8,596
095bf7a1f_9536_1827.tiff,225,180,glomeruli,170,160,395,340
095bf7a1f_9536_2436.tiff,53,103,glomeruli,556,493,609,596
095bf7a1f_9536_3045.tiff,113,108,glomeruli,0,488,113,596
095bf7a1f_9536_3045.tiff,151,146,glomeruli,136,318,287,464
095bf7a1f_9536_3045.tiff,216,201,glomeruli,7,0,223,201
095bf7a1f_9536_3654.tiff,3,1,glomeruli,585,595,588,596
095bf7a1f_9536_3654.tiff,219,170,glomeruli,33,426,252,596
095bf7a1f_9536_4872.tiff,206,102,glomeruli,172,494,378,596
095bf7a1f_9536_4872.tiff,232,178,glomeruli,94,12,326,190
095bf7a1f_9536_4872.tiff,110,69,glomeruli,499,0,609,69
095bf7a1f_9536_5481.tiff,161,125,glomeruli,448,471,609,596
095bf7a1f_9536_5481.tiff,159,176,glomeruli,284,74,443,250
095bf7a1f_9536_5481.tiff,80,75,glomeruli,0,0,80,75
095bf7a1f_9536_6090.tiff,13,68,glomeruli,0,524,13,592
095bf7a1f_9536_6090.tiff,226,174,glomeruli,108,200,334,374
095bf7a1f_9536_6699.tiff,150,76,glomeruli,124,520,274,596
095bf7a1f_9536_7308.tiff,125,123,glomeruli,406,473,531,596
095bf7a1f_9536_7917.tiff,180,107,glomeruli,36,489,216,596
095bf7a1f_9536_7917.tiff,199,190,glomeruli,338,246,537,436
095bf7a1f_9536_7917.tiff,177,141,glomeruli,432,0,609,141
095bf7a1f_9536_8526.tiff,3,16,glomeruli,0,15,3,31
095bf7a1f_9536_9135.tiff,109,43,glomeruli,0,553,109,596
095bf7a1f_9536_9135.tiff,74,206,glomeruli,535,162,609,368
095bf7a1f_9536_9744.tiff,85,218,glomeruli,0,163,85,381
1e2425f28_10032_10563.tiff,80,27,glomeruli,164,391,244,418
1e2425f28_10032_10563.tiff,159,153,glomeruli,229,78,388,231
1e2425f28_10032_11066.tiff,105,15,glomeruli,228,403,333,418
1e2425f28_10032_11569.tiff,19,73,glomeruli,484,53,503,126
1e2425f28_10032_12072.tiff,146,176,glomeruli,0,29,146,205
1e2425f28_10032_13078.tiff,233,219,glomeruli,270,141,503,360
1e2425f28_10032_13581.tiff,42,134,glomeruli,0,209,42,343
1e2425f28_10032_14084.tiff,216,183,glomeruli,175,222,391,405
1e2425f28_10032_14587.tiff,162,90,glomeruli,52,0,214,90
1e2425f28_10032_2515.tiff,237,195,glomeruli,211,164,448,359
1e2425f28_10032_3018.tiff,195,125,glomeruli,308,293,503,418
1e2425f28_10032_3521.tiff,20,69,glomeruli,0,349,20,418
1e2425f28_10032_5533.tiff,213,241,glomeruli,156,116,369,357
1e2425f28_10032_6539.tiff,202,183,glomeruli,301,235,503,418
1e2425f28_10032_7042.tiff,49,147,glomeruli,0,271,49,418
1e2425f28_10450_10563.tiff,209,236,glomeruli,98,0,307,236
1e2425f28_10450_11066.tiff,242,201,glomeruli,192,0,434,201
1e2425f28_10450_11569.tiff,175,191,glomeruli,328,58,503,249
1e2425f28_10450_12072.tiff,96,134,glomeruli,407,189,503,323
1e2425f28_10450_12072.tiff,3,79,glomeruli,0,109,3,188
1e2425f28_10450_12575.tiff,91,15,glomeruli,235,403,326,418
1e2425f28_10450_12575.tiff,114,135,glomeruli,0,186,114,321
1e2425f28_10450_12575.tiff,227,215,glomeruli,226,24,453,239
1e2425f28_10450_14587.tiff,37,23,glomeruli,466,395,503,418
1e2425f28_10450_15090.tiff,158,37,glomeruli,0,381,158,418
1e2425f28_10450_2515.tiff,241,181,glomeruli,6,22,247,203
1e2425f28_10450_3018.tiff,179,67,glomeruli,324,0,503,67
1e2425f28_10450_3521.tiff,16,22,glomeruli,0,0,16,22
1e2425f28_10450_6539.tiff,177,34,glomeruli,326,0,503,34
1e2425f28_10450_7042.tiff,28,27,glomeruli,0,0,28,27
1e2425f28_10450_7545.tiff,25,182,glomeruli,478,100,503,282
1e2425f28_10450_8048.tiff,167,164,glomeruli,336,254,503,418
1e2425f28_10450_8048.tiff,268,236,glomeruli,0,64,268,300
1e2425f28_10450_8551.tiff,41,119,glomeruli,0,299,41,418
1e2425f28_10450_8551.tiff,42,98,glomeruli,461,245,503,343
1e2425f28_10450_9054.tiff,72,107,glomeruli,0,243,72,350
1e2425f28_10868_10060.tiff,117,122,glomeruli,0,296,117,418
1e2425f28_10868_10563.tiff,119,28,glomeruli,251,390,370,418
1e2425f28_10868_10563.tiff,188,144,glomeruli,275,1,463,145
1e2425f28_10868_11066.tiff,108,124,glomeruli,395,107,503,231
1e2425f28_10868_11569.tiff,34,104,glomeruli,0,122,34,226
1e2425f28_10868_12575.tiff,57,113,glomeruli,446,167,503,280
1e2425f28_10868_12575.tiff,225,184,glomeruli,189,0,414,184
1e2425f28_10868_13078.tiff,60,137,glomeruli,443,205,503,342
1e2425f28_10868_13078.tiff,171,204,glomeruli,0,152,171,356
1e2425f28_10868_13581.tiff,101,141,glomeruli,0,206,101,347
1e2425f28_10868_14587.tiff,89,152,glomeruli,414,266,503,418
1e2425f28_10868_14587.tiff,65,172,glomeruli,438,0,503,172
1e2425f28_10868_15090.tiff,150,146,glomeruli,0,272,150,418
1e2425f28_10868_15090.tiff,184,173,glomeruli,0,0,184,173
1e2425f28_10868_7545.tiff,246,204,glomeruli,205,210,451,414
1e2425f28_10868_7545.tiff,117,127,glomeruli,37,92,154,219
1e2425f28_10868_8048.tiff,168,66,glomeruli,335,0,503,66
1e2425f28_10868_8551.tiff,45,43,glomeruli,0,0,45,43
1e2425f28_11286_10563.tiff,187,136,glomeruli,224,0,411,136
1e2425f28_11286_11569.tiff,203,171,glomeruli,103,24,306,195
1e2425f28_11286_14587.tiff,46,33,glomeruli,457,0,503,33
1e2425f28_11286_15090.tiff,150,57,glomeruli,0,0,150,57
1e2425f28_12122_13078.tiff,62,66,glomeruli,396,154,458,220
1e2425f28_12540_15090.tiff,105,89,glomeruli,33,281,138,370
1e2425f28_4180_13581.tiff,152,27,glomeruli,87,391,239,418
1e2425f28_4180_13581.tiff,168,137,glomeruli,335,281,503,418
1e2425f28_4180_14084.tiff,7,38,glomeruli,0,352,7,390
1e2425f28_4180_14084.tiff,238,210,glomeruli,83,56,321,266
1e2425f28_4598_12575.tiff,142,179,glomeruli,361,79,503,258
1e2425f28_4598_13078.tiff,58,158,glomeruli,0,96,58,254
1e2425f28_4598_13581.tiff,211,176,glomeruli,166,242,377,418
1e2425f28_4598_13581.tiff,53,12,glomeruli,420,0,473,12
1e2425f28_4598_13581.tiff,177,110,glomeruli,71,0,248,110
1e2425f28_4598_14587.tiff,161,154,glomeruli,201,55,362,209
1e2425f28_4598_3018.tiff,174,249,glomeruli,329,69,503,318
1e2425f28_4598_3521.tiff,233,125,glomeruli,65,293,298,418
1e2425f28_4598_3521.tiff,8,81,glomeruli,0,110,8,191
1e2425f28_4598_3521.tiff,195,182,glomeruli,20,85,215,267
1e2425f28_4598_5030.tiff,43,12,glomeruli,68,406,111,418
1e2425f28_4598_5533.tiff,191,152,glomeruli,251,26,442,178
1e2425f28_5016_13581.tiff,194,178,glomeruli,196,0,390,178
1e2425f28_5016_2012.tiff,163,84,glomeruli,25,334,188,418
1e2425f28_5016_3018.tiff,176,81,glomeruli,226,337,402,418
1e2425f28_5016_3521.tiff,225,87,glomeruli,58,0,283,87
1e2425f28_5016_5030.tiff,141,145,glomeruli,15,0,156,145
1e2425f28_5016_5533.tiff,236,205,glomeruli,53,73,289,278
1e2425f28_5016_6036.tiff,172,165,glomeruli,56,184,228,349
1e2425f28_5016_6539.tiff,146,148,glomeruli,70,129,216,277
1e2425f28_5016_7545.tiff,143,54,glomeruli,261,364,404,418
1e2425f28_5016_8048.tiff,61,9,glomeruli,442,409,503,418
1e2425f28_5016_8551.tiff,121,19,glomeruli,0,399,121,418
1e2425f28_5434_11569.tiff,187,220,glomeruli,170,198,357,418
1e2425f28_5434_12575.tiff,184,224,glomeruli,20,127,204,351
1e2425f28_5434_12575.tiff,144,179,glomeruli,298,12,442,191
1e2425f28_5434_13078.tiff,192,135,glomeruli,115,283,307,418
1e2425f28_5434_14084.tiff,195,211,glomeruli,185,76,380,287
1e2425f28_5434_14587.tiff,66,73,glomeruli,437,345,503,418
1e2425f28_5434_1509.tiff,110,190,glomeruli,354,109,464,299
1e2425f28_5434_15090.tiff,141,83,glomeruli,0,335,141,418
1e2425f28_5434_2012.tiff,159,117,glomeruli,27,0,186,117
1e2425f28_5434_3018.tiff,193,132,glomeruli,221,0,414,132
1e2425f28_5434_4527.tiff,169,183,glomeruli,224,114,393,297
1e2425f28_5434_5030.tiff,53,89,glomeruli,450,329,503,418
1e2425f28_5434_5533.tiff,178,122,glomeruli,0,296,178,418
1e2425f28_5434_6036.tiff,169,99,glomeruli,11,319,180,418
1e2425f28_5434_7545.tiff,226,120,glomeruli,38,298,264,418
1e2425f28_5434_7545.tiff,146,79,glomeruli,259,0,405,79
1e2425f28_5434_8048.tiff,132,127,glomeruli,371,0,503,127
1e2425f28_5434_8551.tiff,237,127,glomeruli,163,291,400,418
1e2425f28_5434_8551.tiff,121,116,glomeruli,0,0,121,116
1e2425f28_5434_9054.tiff,33,20,glomeruli,470,398,503,418
1e2425f28_5434_9054.tiff,21,132,glomeruli,482,173,503,305
1e2425f28_5434_9557.tiff,116,41,glomeruli,0,377,116,418
1e2425f28_5434_9557.tiff,185,185,glomeruli,240,181,425,366
1e2425f28_5434_9557.tiff,183,227,glomeruli,0,109,183,336
1e2425f28_5852_11569.tiff,92,30,glomeruli,195,0,287,30
1e2425f28_5852_13078.tiff,136,28,glomeruli,145,0,281,28
1e2425f28_5852_14084.tiff,241,209,glomeruli,240,101,481,310
1e2425f28_5852_14587.tiff,74,92,glomeruli,429,0,503,92
1e2425f28_5852_15090.tiff,169,122,glomeruli,0,0,169,122
1e2425f28_5852_2012.tiff,147,200,glomeruli,136,188,283,388
1e2425f28_5852_4527.tiff,159,122,glomeruli,344,296,503,418
1e2425f28_5852_5030.tiff,53,112,glomeruli,0,306,53,418
1e2425f28_5852_5030.tiff,49,71,glomeruli,454,0,503,71
1e2425f28_5852_5533.tiff,7,64,glomeruli,496,35,503,99
1e2425f28_5852_5533.tiff,173,99,glomeruli,0,0,173,99
1e2425f28_5852_6036.tiff,169,130,glomeruli,0,0,169,130
1e2425f28_5852_6539.tiff,143,67,glomeruli,19,351,162,418
1e2425f28_5852_7042.tiff,150,37,glomeruli,137,381,287,418
1e2425f28_5852_7042.tiff,158,117,glomeruli,345,301,503,418
1e2425f28_5852_7545.tiff,95,109,glomeruli,0,309,95,418
1e2425f28_5852_7545.tiff,212,52,glomeruli,52,0,264,52
1e2425f28_5852_8551.tiff,198,83,glomeruli,164,0,362,83
1e2425f28_5852_9054.tiff,101,85,glomeruli,122,175,223,260
1e2425f28_5852_9054.tiff,90,221,glomeruli,413,0,503,221
1e2425f28_5852_9557.tiff,130,221,glomeruli,0,0,130,221
1e2425f28_6270_10563.tiff,210,221,glomeruli,31,76,241,297
1e2425f28_6270_12072.tiff,107,241,glomeruli,396,139,503,380
1e2425f28_6270_12575.tiff,82,232,glomeruli,0,140,82,372
1e2425f28_6270_1509.tiff,180,218,glomeruli,199,139,379,357
1e2425f28_6270_3018.tiff,230,110,glomeruli,255,308,485,418
1e2425f28_6270_4527.tiff,140,45,glomeruli,363,0,503,45
1e2425f28_6270_5030.tiff,33,38,glomeruli,0,0,33,38
1e2425f28_6270_5533.tiff,273,195,glomeruli,49,66,322,261
1e2425f28_6270_6539.tiff,147,95,glomeruli,18,0,165,95
1e2425f28_6270_7042.tiff,154,116,glomeruli,349,0,503,116
1e2425f28_6270_7042.tiff,254,154,glomeruli,118,0,372,154
1e2425f28_6270_7545.tiff,150,170,glomeruli,353,220,503,390
1e2425f28_6270_7545.tiff,92,99,glomeruli,0,0,92,99
1e2425f28_6270_8048.tiff,48,121,glomeruli,0,241,48,362
1e2425f28_6270_9557.tiff,189,188,glomeruli,142,102,331,290
1e2425f28_6688_10563.tiff,137,95,glomeruli,39,323,176,418
1e2425f28_6688_11569.tiff,157,74,glomeruli,188,344,345,418
1e2425f28_6688_12072.tiff,129,24,glomeruli,272,394,401,418
1e2425f28_6688_12575.tiff,152,46,glomeruli,219,372,371,418
1e2425f28_6688_13581.tiff,249,312,glomeruli,110,88,359,400
1e2425f28_6688_14084.tiff,216,231,glomeruli,52,24,268,255
1e2425f28_6688_1509.tiff,90,13,glomeruli,413,405,503,418
1e2425f28_6688_2012.tiff,15,13,glomeruli,0,405,15,418
1e2425f28_6688_2012.tiff,91,102,glomeruli,412,316,503,418
1e2425f28_6688_2012.tiff,159,199,glomeruli,90,150,249,349
1e2425f28_6688_2515.tiff,85,105,glomeruli,0,313,85,418
1e2425f28_6688_3018.tiff,225,47,glomeruli,256,0,481,47
1e2425f28_6688_4024.tiff,29,14,glomeruli,474,404,503,418
1e2425f28_6688_4024.tiff,105,37,glomeruli,0,381,105,418
1e2425f28_6688_4527.tiff,58,19,glomeruli,0,399,58,418
1e2425f28_6688_4527.tiff,177,53,glomeruli,263,365,440,418
1e2425f28_6688_5030.tiff,117,211,glomeruli,386,119,503,330
1e2425f28_6688_5030.tiff,236,193,glomeruli,97,45,333,238
1e2425f28_6688_5533.tiff,111,223,glomeruli,0,107,111,330
1e2425f28_6688_6036.tiff,193,72,glomeruli,310,346,503,418
1e2425f28_6688_6539.tiff,26,41,glomeruli,0,377,26,418
1e2425f28_6688_9054.tiff,133,160,glomeruli,46,91,179,251
1e2425f28_7106_1006.tiff,143,45,glomeruli,297,373,440,418
1e2425f28_7106_10060.tiff,143,173,glomeruli,8,91,151,264
1e2425f28_7106_10563.tiff,92,22,glomeruli,395,396,487,418
1e2425f28_7106_10563.tiff,121,50,glomeruli,38,0,159,50
1e2425f28_7106_11066.tiff,82,162,glomeruli,421,208,503,370
1e2425f28_7106_11569.tiff,64,164,glomeruli,0,206,64,370
1e2425f28_7106_11569.tiff,178,126,glomeruli,189,0,367,126
1e2425f28_7106_12072.tiff,31,45,glomeruli,472,373,503,418
1e2425f28_7106_12072.tiff,221,210,glomeruli,250,0,471,210
1e2425f28_7106_12575.tiff,109,67,glomeruli,0,351,109,418
1e2425f28_7106_12575.tiff,207,166,glomeruli,208,0,415,166
1e2425f28_7106_13581.tiff,174,46,glomeruli,194,372,368,418
1e2425f28_7106_1509.tiff,118,161,glomeruli,385,0,503,161
1e2425f28_7106_2012.tiff,146,159,glomeruli,357,259,503,418
1e2425f28_7106_2012.tiff,90,101,glomeruli,413,0,503,101
1e2425f28_7106_2012.tiff,55,136,glomeruli,0,0,55,136
1e2425f28_7106_2515.tiff,40,143,glomeruli,0,275,40,418
1e2425f28_7106_2515.tiff,192,153,glomeruli,192,265,384,418
1e2425f28_7106_2515.tiff,17,86,glomeruli,486,224,503,310
1e2425f28_7106_2515.tiff,81,98,glomeruli,0,0,81,98
1e2425f28_7106_3018.tiff,162,157,glomeruli,238,247,400,404
1e2425f28_7106_3018.tiff,189,174,glomeruli,0,174,189,348
1e2425f28_7106_3521.tiff,25,190,glomeruli,478,0,503,190
1e2425f28_7106_4024.tiff,178,175,glomeruli,236,28,414,203
1e2425f28_7106_4024.tiff,62,105,glomeruli,441,0,503,105
1e2425f28_7106_4024.tiff,133,191,glomeruli,0,0,133,191
1e2425f28_7106_4527.tiff,162,67,glomeruli,279,0,441,67
1e2425f28_7106_4527.tiff,87,104,glomeruli,0,0,87,104
1e2425f28_7106_5030.tiff,172,159,glomeruli,299,219,471,378
1e2425f28_7106_5533.tiff,127,45,glomeruli,291,373,418,418
1e2425f28_7106_5533.tiff,5,56,glomeruli,498,283,503,339
1e2425f28_7106_6036.tiff,245,235,glomeruli,0,158,245,393
1e2425f28_7106_6036.tiff,198,123,glomeruli,305,0,503,123
1e2425f28_7106_6539.tiff,29,85,glomeruli,0,0,29,85
1e2425f28_7106_7042.tiff,94,24,glomeruli,145,394,239,418
1e2425f28_7106_8551.tiff,193,76,glomeruli,27,342,220,418
1e2425f28_7524_1006.tiff,185,196,glomeruli,283,0,468,196
1e2425f28_7524_10563.tiff,151,181,glomeruli,352,0,503,181
1e2425f28_7524_11066.tiff,34,132,glomeruli,0,19,34,151
1e2425f28_7524_12072.tiff,35,140,glomeruli,468,0,503,140
1e2425f28_7524_12575.tiff,106,106,glomeruli,237,113,343,219
1e2425f28_7524_12575.tiff,121,152,glomeruli,0,0,121,152
1e2425f28_7524_13581.tiff,232,160,glomeruli,143,0,375,160
1e2425f28_7524_1509.tiff,150,167,glomeruli,301,251,451,418
1e2425f28_7524_15090.tiff,103,200,glomeruli,400,184,503,384
1e2425f28_7524_15593.tiff,76,191,glomeruli,0,184,76,375
1e2425f28_7524_2012.tiff,187,85,glomeruli,191,333,378,418
1e2425f28_7524_2012.tiff,46,89,glomeruli,457,329,503,418
1e2425f28_7524_2012.tiff,114,33,glomeruli,389,0,503,33
1e2425f28_7524_2515.tiff,162,105,glomeruli,0,313,162,418
1e2425f28_7524_2515.tiff,128,28,glomeruli,240,0,368,28
1e2425f28_7524_2515.tiff,5,6,glomeruli,0,0,5,6
1e2425f28_7524_3521.tiff,189,121,glomeruli,300,239,489,360
1e2425f28_7524_4024.tiff,105,115,glomeruli,108,258,213,373
1e2425f28_7524_4527.tiff,173,98,glomeruli,189,320,362,418
1e2425f28_7524_5533.tiff,237,143,glomeruli,220,275,457,418
1e2425f28_7524_5533.tiff,166,128,glomeruli,267,0,433,128
1e2425f28_7524_6539.tiff,215,215,glomeruli,18,132,233,347
1e2425f28_7524_7042.tiff,217,193,glomeruli,121,0,338,193
1e2425f28_7524_7545.tiff,209,213,glomeruli,48,35,257,248
1e2425f28_7524_8551.tiff,71,46,glomeruli,432,372,503,418
1e2425f28_7524_8551.tiff,201,138,glomeruli,27,0,228,138
1e2425f28_7524_9054.tiff,126,44,glomeruli,0,374,126,418
1e2425f28_7524_9054.tiff,143,109,glomeruli,181,309,324,418
1e2425f28_7524_9054.tiff,114,165,glomeruli,86,81,200,246
1e2425f28_7942_11569.tiff,60,94,glomeruli,443,174,503,268
1e2425f28_7942_12072.tiff,195,199,glomeruli,210,176,405,375
1e2425f28_7942_12072.tiff,113,120,glomeruli,0,164,113,284
1e2425f28_7942_12575.tiff,115,44,glomeruli,233,374,348,418
1e2425f28_7942_13078.tiff,108,29,glomeruli,126,389,234,418
1e2425f28_7942_14084.tiff,88,14,glomeruli,23,404,111,418
1e2425f28_7942_14084.tiff,163,155,glomeruli,74,181,237,336
1e2425f28_7942_1509.tiff,102,27,glomeruli,332,0,434,27
1e2425f28_7942_2012.tiff,203,59,glomeruli,76,359,279,418
1e2425f28_7942_2012.tiff,41,44,glomeruli,462,0,503,44
1e2425f28_7942_2012.tiff,188,121,glomeruli,190,0,378,121
1e2425f28_7942_2515.tiff,185,230,glomeruli,292,19,477,249
1e2425f28_7942_2515.tiff,162,93,glomeruli,0,0,162,93
1e2425f28_7942_4527.tiff,192,61,glomeruli,118,357,310,418
1e2425f28_7942_4527.tiff,170,100,glomeruli,191,0,361,100
1e2425f28_7942_5533.tiff,171,150,glomeruli,85,161,256,311
1e2425f28_7942_5533.tiff,217,58,glomeruli,221,0,438,58
1e2425f28_7942_6036.tiff,59,160,glomeruli,444,219,503,379
1e2425f28_7942_6539.tiff,21,115,glomeruli,482,303,503,418
1e2425f28_7942_6539.tiff,136,182,glomeruli,0,219,136,401
1e2425f28_7942_7042.tiff,195,159,glomeruli,0,259,195,418
1e2425f28_7942_8551.tiff,109,160,glomeruli,394,0,503,160
1e2425f28_7942_9054.tiff,148,91,glomeruli,181,0,329,91
1e2425f28_7942_9054.tiff,138,150,glomeruli,0,0,138,150
1e2425f28_8360_1006.tiff,78,166,glomeruli,0,166,78,332
1e2425f28_8360_12575.tiff,153,110,glomeruli,227,0,380,110
1e2425f28_8360_13078.tiff,124,62,glomeruli,122,0,246,62
1e2425f28_8360_13581.tiff,17,99,glomeruli,486,23,503,122
1e2425f28_8360_14084.tiff,180,46,glomeruli,225,372,405,418
1e2425f28_8360_14084.tiff,139,143,glomeruli,0,0,139,143
1e2425f28_8360_14587.tiff,86,206,glomeruli,417,212,503,418
1e2425f28_8360_15090.tiff,124,216,glomeruli,0,202,124,418
1e2425f28_8360_2012.tiff,238,146,glomeruli,62,0,300,146
1e2425f28_8360_2515.tiff,219,220,glomeruli,283,85,502,305
1e2425f28_8360_3018.tiff,217,220,glomeruli,54,40,271,260
1e2425f28_8360_4527.tiff,204,116,glomeruli,115,0,319,116
1e2425f28_8360_503.tiff,83,163,glomeruli,420,169,503,332
1e2425f28_8360_5533.tiff,219,121,glomeruli,1,297,220,418
1e2425f28_8360_5533.tiff,83,159,glomeruli,420,134,503,293
1e2425f28_8360_6036.tiff,92,165,glomeruli,0,131,92,296
1e2425f28_8360_6539.tiff,4,6,glomeruli,499,0,503,6
1e2425f28_8360_7042.tiff,189,43,glomeruli,0,0,189,43
1e2425f28_8360_7545.tiff,174,189,glomeruli,329,46,503,235
1e2425f28_8360_8048.tiff,63,163,glomeruli,0,56,63,219
1e2425f28_8360_8551.tiff,228,209,glomeruli,164,209,392,418
1e2425f28_8778_10060.tiff,159,219,glomeruli,344,94,503,313
1e2425f28_8778_10563.tiff,84,193,glomeruli,0,94,84,287
1e2425f28_8778_11066.tiff,152,30,glomeruli,248,388,400,418
1e2425f28_8778_11569.tiff,145,63,glomeruli,358,355,503,418
1e2425f28_8778_12072.tiff,15,20,glomeruli,0,398,15,418
1e2425f28_8778_12575.tiff,163,167,glomeruli,339,200,502,367
1e2425f28_8778_14084.tiff,217,162,glomeruli,209,0,426,162
1e2425f28_8778_14587.tiff,56,23,glomeruli,447,0,503,23
1e2425f28_8778_1509.tiff,102,205,glomeruli,401,74,503,279
1e2425f28_8778_15090.tiff,97,31,glomeruli,0,0,97,31
1e2425f28_8778_2012.tiff,81,118,glomeruli,422,166,503,284
1e2425f28_8778_2012.tiff,49,180,glomeruli,0,80,49,260
1e2425f28_8778_2515.tiff,70,115,glomeruli,0,168,70,283
1e2425f28_8778_3018.tiff,79,130,glomeruli,424,60,503,190
1e2425f28_8778_3521.tiff,127,146,glomeruli,0,56,127,202
1e2425f28_8778_5030.tiff,216,130,glomeruli,75,288,291,418
1e2425f28_8778_5533.tiff,198,84,glomeruli,110,334,308,418
1e2425f28_8778_5533.tiff,218,99,glomeruli,4,0,222,99
1e2425f28_8778_6539.tiff,3,21,glomeruli,500,347,503,368
1e2425f28_8778_7042.tiff,136,147,glomeruli,0,253,136,400
1e2425f28_8778_8551.tiff,207,81,glomeruli,122,337,329,418
1e2425f28_8778_8551.tiff,64,32,glomeruli,283,0,347,32
1e2425f28_8778_9054.tiff,129,132,glomeruli,232,77,361,209
1e2425f28_9196_10060.tiff,200,213,glomeruli,303,118,503,331
1e2425f28_9196_10563.tiff,12,54,glomeruli,0,214,12,268
1e2425f28_9196_10563.tiff,25,126,glomeruli,478,57,503,183
1e2425f28_9196_11066.tiff,3,1,glomeruli,78,417,81,418
1e2425f28_9196_11066.tiff,220,213,glomeruli,0,10,220,223
1e2425f28_9196_11066.tiff,184,128,glomeruli,239,0,423,128
1e2425f28_9196_11569.tiff,149,97,glomeruli,354,0,503,97
1e2425f28_9196_12072.tiff,25,54,glomeruli,0,0,25,54
1e2425f28_9196_13581.tiff,193,215,glomeruli,310,42,503,257
1e2425f28_9196_14084.tiff,72,154,glomeruli,0,48,72,202
1e2425f28_9196_15090.tiff,34,8,glomeruli,469,410,503,418
1e2425f28_9196_15593.tiff,10,6,glomeruli,0,412,10,418
1e2425f28_9196_2515.tiff,159,197,glomeruli,157,32,316,229
1e2425f28_9196_3018.tiff,79,180,glomeruli,424,100,503,280
1e2425f28_9196_3521.tiff,169,139,glomeruli,266,192,435,331
1e2425f28_9196_3521.tiff,167,188,glomeruli,0,94,167,282
1e2425f28_9196_5030.tiff,159,86,glomeruli,344,332,503,418
1e2425f28_9196_5030.tiff,188,73,glomeruli,86,0,274,73
1e2425f28_9196_5533.tiff,69,66,glomeruli,0,352,69,418
1e2425f28_9196_5533.tiff,109,126,glomeruli,280,263,389,389
1e2425f28_9196_5533.tiff,197,54,glomeruli,109,0,306,54
1e2425f28_9196_6036.tiff,255,112,glomeruli,74,306,329,418
1e2425f28_9196_6539.tiff,101,157,glomeruli,402,145,503,302
1e2425f28_9196_7042.tiff,134,161,glomeruli,0,141,134,302
1e2425f28_9196_7545.tiff,149,130,glomeruli,269,92,418,222
1e2425f28_9196_8551.tiff,208,77,glomeruli,126,0,334,77
1e2425f28_9196_9054.tiff,208,148,glomeruli,241,23,449,171
1e2425f28_9196_9557.tiff,179,120,glomeruli,239,101,418,221
1e2425f28_9614_10060.tiff,46,170,glomeruli,0,30,46,200
1e2425f28_9614_11066.tiff,172,211,glomeruli,5,0,177,211
1e2425f28_9614_13581.tiff,122,124,glomeruli,20,218,142,342
1e2425f28_9614_14587.tiff,204,170,glomeruli,52,248,256,418
1e2425f28_9614_15090.tiff,127,212,glomeruli,376,0,503,212
1e2425f28_9614_15593.tiff,95,217,glomeruli,0,0,95,217
1e2425f28_9614_3018.tiff,217,160,glomeruli,231,48,448,208
1e2425f28_9614_5030.tiff,164,137,glomeruli,339,0,503,137
1e2425f28_9614_5533.tiff,93,135,glomeruli,0,0,93,135
1e2425f28_9614_6036.tiff,249,63,glomeruli,77,0,326,63
1e2425f28_9614_6539.tiff,220,148,glomeruli,23,235,243,383
1e2425f28_9614_7042.tiff,56,117,glomeruli,447,258,503,375
1e2425f28_9614_7545.tiff,129,132,glomeruli,0,249,129,381
1e2425f28_9614_8048.tiff,201,207,glomeruli,76,16,277,223
1e2425f28_9614_9054.tiff,186,206,glomeruli,169,25,355,231
1e2425f28_9614_9557.tiff,162,237,glomeruli,341,19,503,256
2f6ecfcdf_10248_10075.tiff,151,124,glomeruli,0,181,151,305
2f6ecfcdf_10248_6448.tiff,114,102,glomeruli,162,177,276,279
2f6ecfcdf_10248_6851.tiff,90,30,glomeruli,180,0,270,30
2f6ecfcdf_10248_7254.tiff,141,45,glomeruli,171,0,312,45
2f6ecfcdf_10248_7657.tiff,118,51,glomeruli,285,437,403,488
2f6ecfcdf_10248_7657.tiff,96,45,glomeruli,280,0,376,45
2f6ecfcdf_10248_8060.tiff,28,33,glomeruli,0,455,28,488
2f6ecfcdf_10248_8866.tiff,76,90,glomeruli,327,398,403,488
2f6ecfcdf_10248_9269.tiff,91,89,glomeruli,0,399,91,488
2f6ecfcdf_10248_9269.tiff,138,138,glomeruli,207,120,345,258
2f6ecfcdf_10248_9672.tiff,102,110,glomeruli,219,351,321,461
2f6ecfcdf_10248_9672.tiff,14,55,glomeruli,389,219,403,274
2f6ecfcdf_10248_9672.tiff,101,87,glomeruli,249,151,350,238
2f6ecfcdf_10736_10075.tiff,142,151,glomeruli,144,315,286,466
2f6ecfcdf_10736_10075.tiff,87,85,glomeruli,0,113,87,198
2f6ecfcdf_10736_10075.tiff,114,98,glomeruli,119,1,233,99
2f6ecfcdf_10736_5642.tiff,104,93,glomeruli,242,368,346,461
2f6ecfcdf_10736_6045.tiff,156,125,glomeruli,173,216,329,341
2f6ecfcdf_10736_6448.tiff,42,111,glomeruli,361,315,403,426
2f6ecfcdf_10736_6851.tiff,111,32,glomeruli,289,456,400,488
2f6ecfcdf_10736_6851.tiff,55,117,glomeruli,0,312,55,429
2f6ecfcdf_10736_6851.tiff,77,70,glomeruli,172,154,249,224
2f6ecfcdf_10736_7254.tiff,94,136,glomeruli,309,2,403,138
2f6ecfcdf_10736_7657.tiff,97,52,glomeruli,99,436,196,488
2f6ecfcdf_10736_7657.tiff,94,148,glomeruli,0,2,94,150
2f6ecfcdf_10736_7657.tiff,121,96,glomeruli,282,0,403,96
2f6ecfcdf_10736_8060.tiff,123,144,glomeruli,280,242,403,386
2f6ecfcdf_10736_8060.tiff,32,79,glomeruli,0,0,32,79
2f6ecfcdf_10736_8463.tiff,169,139,glomeruli,209,331,378,470
2f6ecfcdf_10736_8463.tiff,24,97,glomeruli,0,285,24,382
2f6ecfcdf_10736_8463.tiff,157,186,glomeruli,75,94,232,280
2f6ecfcdf_10736_8866.tiff,91,95,glomeruli,156,192,247,287
2f6ecfcdf_10736_8866.tiff,69,40,glomeruli,334,0,403,40
2f6ecfcdf_10736_9269.tiff,143,43,glomeruli,50,445,193,488
2f6ecfcdf_10736_9269.tiff,182,131,glomeruli,67,199,249,330
2f6ecfcdf_10736_9269.tiff,81,36,glomeruli,0,0,81,36
2f6ecfcdf_10736_9672.tiff,81,92,glomeruli,317,244,398,336
2f6ecfcdf_10736_9672.tiff,22,63,glomeruli,381,123,403,186
2f6ecfcdf_11224_10075.tiff,129,74,glomeruli,0,414,129,488
2f6ecfcdf_11224_6045.tiff,99,99,glomeruli,110,299,209,398
2f6ecfcdf_11224_6045.tiff,126,83,glomeruli,276,184,402,267
2f6ecfcdf_11224_6851.tiff,123,91,glomeruli,280,0,403,91
2f6ecfcdf_11224_7254.tiff,130,113,glomeruli,16,330,146,443
2f6ecfcdf_11224_7254.tiff,16,69,glomeruli,0,2,16,71
2f6ecfcdf_11224_7657.tiff,86,97,glomeruli,230,147,316,244
2f6ecfcdf_11224_7657.tiff,4,43,glomeruli,399,87,403,130
2f6ecfcdf_11224_7657.tiff,96,50,glomeruli,99,0,195,50
2f6ecfcdf_11224_8060.tiff,129,157,glomeruli,0,36,129,193
2f6ecfcdf_11224_8866.tiff,152,133,glomeruli,40,212,192,345
2f6ecfcdf_11224_9269.tiff,126,104,glomeruli,214,9,340,113
2f6ecfcdf_11224_9269.tiff,143,106,glomeruli,50,0,193,106
2f6ecfcdf_11224_9672.tiff,8,50,glomeruli,395,438,403,488
2f6ecfcdf_11224_9672.tiff,102,129,glomeruli,133,21,235,150
2f6ecfcdf_11712_10075.tiff,140,94,glomeruli,0,0,140,94
2f6ecfcdf_11712_6448.tiff,119,129,glomeruli,121,161,240,290
2f6ecfcdf_11712_6851.tiff,147,126,glomeruli,5,66,152,192
2f6ecfcdf_11712_7657.tiff,110,98,glomeruli,293,390,403,488
2f6ecfcdf_11712_8060.tiff,47,81,glomeruli,0,407,47,488
2f6ecfcdf_11712_8060.tiff,135,137,glomeruli,231,146,366,283
2f6ecfcdf_11712_8463.tiff,130,130,glomeruli,273,326,403,456
2f6ecfcdf_11712_8463.tiff,27,101,glomeruli,376,121,403,222
2f6ecfcdf_11712_8866.tiff,13,86,glomeruli,0,343,13,429
2f6ecfcdf_11712_8866.tiff,153,144,glomeruli,0,107,153,251
2f6ecfcdf_11712_9672.tiff,5,33,glomeruli,398,0,403,33
2f6ecfcdf_12200_6851.tiff,113,113,glomeruli,253,80,366,193
2f6ecfcdf_12200_7254.tiff,139,114,glomeruli,182,56,321,170
2f6ecfcdf_12200_7657.tiff,95,21,glomeruli,308,0,403,21
2f6ecfcdf_12200_8060.tiff,12,8,glomeruli,0,0,12,8
2f6ecfcdf_12200_8866.tiff,149,75,glomeruli,88,413,237,488
2f6ecfcdf_12200_9269.tiff,148,143,glomeruli,37,5,185,148
2f6ecfcdf_12688_7254.tiff,89,96,glomeruli,314,392,403,488
2f6ecfcdf_12688_7657.tiff,6,41,glomeruli,0,441,6,482
2f6ecfcdf_12688_7657.tiff,68,96,glomeruli,335,42,403,138
2f6ecfcdf_12688_8060.tiff,143,104,glomeruli,55,369,198,473
2f6ecfcdf_12688_8060.tiff,113,103,glomeruli,185,120,298,223
2f6ecfcdf_12688_8060.tiff,80,96,glomeruli,0,43,80,139
2f6ecfcdf_12688_8463.tiff,69,66,glomeruli,334,422,403,488
2f6ecfcdf_12688_8463.tiff,123,106,glomeruli,78,363,201,469
2f6ecfcdf_12688_8463.tiff,8,86,glomeruli,395,184,403,270
2f6ecfcdf_12688_8866.tiff,29,66,glomeruli,0,422,29,488
2f6ecfcdf_12688_8866.tiff,200,194,glomeruli,0,146,200,340
2f6ecfcdf_12688_8866.tiff,151,83,glomeruli,86,0,237,83
2f6ecfcdf_13176_7254.tiff,56,12,glomeruli,335,0,391,12
2f6ecfcdf_13176_8060.tiff,88,91,glomeruli,228,385,316,476
2f6ecfcdf_13176_8060.tiff,115,146,glomeruli,203,72,318,218
2f6ecfcdf_13176_8463.tiff,68,183,glomeruli,335,0,403,183
2f6ecfcdf_13176_8866.tiff,99,167,glomeruli,304,283,403,450
2f6ecfcdf_13176_8866.tiff,45,160,glomeruli,0,19,45,179
2f6ecfcdf_13176_8866.tiff,21,20,glomeruli,0,0,21,20
2f6ecfcdf_13176_9269.tiff,50,151,glomeruli,0,292,50,443
2f6ecfcdf_13664_8463.tiff,108,111,glomeruli,185,377,293,488
2f6ecfcdf_13664_8866.tiff,141,107,glomeruli,166,68,307,175
2f6ecfcdf_14152_8463.tiff,77,13,glomeruli,210,0,287,13
2f6ecfcdf_14152_8866.tiff,172,174,glomeruli,25,124,197,298
2f6ecfcdf_1952_4836.tiff,61,138,glomeruli,342,241,403,379
2f6ecfcdf_1952_5239.tiff,31,117,glomeruli,0,239,31,356
2f6ecfcdf_1952_5642.tiff,144,156,glomeruli,244,323,388,479
2f6ecfcdf_1952_5642.tiff,49,125,glomeruli,354,113,403,238
2f6ecfcdf_1952_6045.tiff,130,136,glomeruli,0,112,130,248
2f6ecfcdf_1952_7254.tiff,124,70,glomeruli,252,418,376,488
2f6ecfcdf_2440_5239.tiff,92,107,glomeruli,247,157,339,264
2f6ecfcdf_2440_5239.tiff,136,161,glomeruli,156,5,292,166
2f6ecfcdf_2440_5642.tiff,45,111,glomeruli,358,296,403,407
2f6ecfcdf_2440_6045.tiff,102,136,glomeruli,0,264,102,400
2f6ecfcdf_2440_7254.tiff,135,142,glomeruli,20,29,155,171
2f6ecfcdf_2440_7254.tiff,128,40,glomeruli,249,0,377,40
2f6ecfcdf_2440_8060.tiff,165,145,glomeruli,226,78,391,223
2f6ecfcdf_2928_5642.tiff,128,140,glomeruli,275,348,403,488
2f6ecfcdf_2928_6045.tiff,48,113,glomeruli,0,375,48,488
2f6ecfcdf_2928_6448.tiff,118,125,glomeruli,82,16,200,141
2f6ecfcdf_2928_6851.tiff,176,156,glomeruli,177,39,353,195
2f6ecfcdf_2928_8060.tiff,157,111,glomeruli,136,332,293,443
2f6ecfcdf_2928_8463.tiff,101,25,glomeruli,117,463,218,488
2f6ecfcdf_2928_8463.tiff,65,113,glomeruli,338,33,403,146
2f6ecfcdf_2928_8866.tiff,127,89,glomeruli,131,399,258,488
2f6ecfcdf_2928_8866.tiff,121,93,glomeruli,282,156,403,249
2f6ecfcdf_2928_8866.tiff,15,107,glomeruli,0,34,15,141
2f6ecfcdf_2928_9269.tiff,35,67,glomeruli,0,182,35,249
2f6ecfcdf_3416_4433.tiff,103,181,glomeruli,300,15,403,196
2f6ecfcdf_3416_4836.tiff,123,152,glomeruli,61,303,184,455
2f6ecfcdf_3416_4836.tiff,79,160,glomeruli,324,77,403,237
2f6ecfcdf_3416_4836.tiff,22,128,glomeruli,0,33,22,161
2f6ecfcdf_3416_5239.tiff,89,21,glomeruli,43,467,132,488
2f6ecfcdf_3416_5239.tiff,42,151,glomeruli,0,80,42,231
2f6ecfcdf_3416_5642.tiff,67,4,glomeruli,336,0,403,4
2f6ecfcdf_3416_6045.tiff,90,20,glomeruli,127,468,217,488
2f6ecfcdf_3416_6045.tiff,7,3,glomeruli,0,0,7,3
2f6ecfcdf_3416_6448.tiff,74,84,glomeruli,122,360,196,444
2f6ecfcdf_3416_6448.tiff,81,126,glomeruli,322,343,403,469
2f6ecfcdf_3416_6448.tiff,136,146,glomeruli,187,21,323,167
2f6ecfcdf_3416_6851.tiff,57,118,glomeruli,0,349,57,467
2f6ecfcdf_3416_7254.tiff,72,102,glomeruli,185,382,257,484
2f6ecfcdf_3416_8463.tiff,115,126,glomeruli,101,0,216,126
2f6ecfcdf_3416_8866.tiff,209,253,glomeruli,97,97,306,350
2f6ecfcdf_3416_8866.tiff,113,49,glomeruli,144,0,257,49
2f6ecfcdf_3416_9269.tiff,127,64,glomeruli,276,424,403,488
2f6ecfcdf_3416_9672.tiff,1,3,glomeruli,0,466,1,469
2f6ecfcdf_3416_9672.tiff,106,103,glomeruli,27,265,133,368
2f6ecfcdf_3904_10075.tiff,65,119,glomeruli,0,106,65,225
2f6ecfcdf_3904_4836.tiff,111,147,glomeruli,274,26,385,173
2f6ecfcdf_3904_5239.tiff,133,88,glomeruli,22,0,155,88
2f6ecfcdf_3904_6045.tiff,85,91,glomeruli,200,355,285,446
2f6ecfcdf_3904_6045.tiff,149,139,glomeruli,106,0,255,139
2f6ecfcdf_3904_6851.tiff,92,92,glomeruli,99,396,191,488
2f6ecfcdf_3904_7657.tiff,32,127,glomeruli,371,117,403,244
2f6ecfcdf_3904_8060.tiff,116,161,glomeruli,0,99,116,260
2f6ecfcdf_3904_8866.tiff,121,140,glomeruli,282,143,403,283
2f6ecfcdf_3904_9269.tiff,4,30,glomeruli,0,197,4,227
2f6ecfcdf_3904_9269.tiff,93,118,glomeruli,77,184,170,302
2f6ecfcdf_3904_9269.tiff,110,40,glomeruli,291,0,401,40
2f6ecfcdf_3904_9672.tiff,22,93,glomeruli,381,129,403,222
2f6ecfcdf_3904_9672.tiff,135,143,glomeruli,168,120,303,263
2f6ecfcdf_4392_10075.tiff,127,134,glomeruli,166,354,293,488
2f6ecfcdf_4392_6851.tiff,71,17,glomeruli,103,0,174,17
2f6ecfcdf_4392_8463.tiff,3,3,glomeruli,400,485,403,488
2f6ecfcdf_4392_8463.tiff,97,106,glomeruli,306,216,403,322
2f6ecfcdf_4392_8866.tiff,64,12,glomeruli,0,476,64,488
2f6ecfcdf_4392_8866.tiff,120,126,glomeruli,283,286,403,412
2f6ecfcdf_4392_8866.tiff,41,97,glomeruli,0,218,41,315
2f6ecfcdf_4392_9269.tiff,138,72,glomeruli,214,384,352,456
2f6ecfcdf_4392_9269.tiff,8,57,glomeruli,0,314,8,371
2f6ecfcdf_4880_10075.tiff,74,130,glomeruli,0,216,74,346
2f6ecfcdf_4880_10075.tiff,106,47,glomeruli,185,0,291,47
2f6ecfcdf_4880_10478.tiff,113,66,glomeruli,20,422,133,488
2f6ecfcdf_4880_8463.tiff,128,145,glomeruli,70,171,198,316
2f6ecfcdf_4880_8463.tiff,25,98,glomeruli,378,0,403,98
2f6ecfcdf_4880_8866.tiff,61,86,glomeruli,342,119,403,205
2f6ecfcdf_4880_8866.tiff,92,110,glomeruli,0,0,92,110
2f6ecfcdf_4880_9269.tiff,36,84,glomeruli,0,120,36,204
2f6ecfcdf_4880_9672.tiff,59,128,glomeruli,344,220,403,348
2f6ecfcdf_5368_10075.tiff,89,17,glomeruli,92,471,181,488
2f6ecfcdf_5368_10075.tiff,117,126,glomeruli,126,219,243,345
2f6ecfcdf_5368_10075.tiff,100,99,glomeruli,142,93,242,192
2f6ecfcdf_5368_10478.tiff,121,68,glomeruli,11,0,132,68
2f6ecfcdf_5368_8463.tiff,26,119,glomeruli,377,204,403,323
2f6ecfcdf_5368_8866.tiff,143,160,glomeruli,0,186,143,346
2f6ecfcdf_5368_9672.tiff,131,104,glomeruli,31,378,162,482
2f6ecfcdf_5856_10075.tiff,52,109,glomeruli,0,170,52,279
2f6ecfcdf_5856_10075.tiff,142,115,glomeruli,72,0,214,115
2f6ecfcdf_5856_10478.tiff,36,8,glomeruli,103,480,139,488
2f6ecfcdf_5856_8866.tiff,17,80,glomeruli,386,264,403,344
2f6ecfcdf_5856_9269.tiff,205,264,glomeruli,0,109,205,373
2f6ecfcdf_5856_9269.tiff,76,83,glomeruli,202,62,278,145
2f6ecfcdf_5856_9672.tiff,120,105,glomeruli,18,322,138,427
2f6ecfcdf_5856_9672.tiff,19,100,glomeruli,384,171,403,271
2f6ecfcdf_6344_10478.tiff,24,4,glomeruli,276,484,300,488
2f6ecfcdf_6344_10478.tiff,110,158,glomeruli,241,256,351,414
2f6ecfcdf_6344_10478.tiff,165,168,glomeruli,49,0,214,168
2f6ecfcdf_6344_9269.tiff,100,82,glomeruli,303,406,403,488
2f6ecfcdf_6344_9269.tiff,69,65,glomeruli,320,304,389,369
2f6ecfcdf_6344_9672.tiff,12,53,glomeruli,0,435,12,488
2f6ecfcdf_6344_9672.tiff,137,125,glomeruli,246,177,383,302
2f6ecfcdf_6832_10075.tiff,131,45,glomeruli,53,443,184,488
2f6ecfcdf_6832_10075.tiff,159,144,glomeruli,227,222,386,366
2f6ecfcdf_6832_10478.tiff,113,117,glomeruli,218,0,331,117
2f6ecfcdf_6832_9269.tiff,93,46,glomeruli,310,0,403,46
2f6ecfcdf_6832_9672.tiff,146,170,glomeruli,249,290,395,460
2f6ecfcdf_6832_9672.tiff,10,23,glomeruli,0,0,10,23
2f6ecfcdf_7320_10075.tiff,7,35,glomeruli,396,225,403,260
2f6ecfcdf_7320_10075.tiff,142,82,glomeruli,50,0,192,82
2f6ecfcdf_7320_10478.tiff,135,164,glomeruli,0,162,135,326
2f6ecfcdf_7320_8866.tiff,7,61,glomeruli,396,342,403,403
2f6ecfcdf_7320_9269.tiff,139,140,glomeruli,0,279,139,419
2f6ecfcdf_7320_9269.tiff,161,154,glomeruli,1,53,162,207
2f6ecfcdf_7320_9672.tiff,151,164,glomeruli,140,80,291,244
2f6ecfcdf_7808_10478.tiff,151,159,glomeruli,238,183,389,342
2f6ecfcdf_7808_10478.tiff,118,124,glomeruli,111,154,229,278
2f6ecfcdf_7808_8866.tiff,140,137,glomeruli,77,351,217,488
2f6ecfcdf_7808_8866.tiff,145,126,glomeruli,258,99,403,225
2f6ecfcdf_7808_9269.tiff,9,35,glomeruli,0,138,9,173
2f6ecfcdf_7808_9269.tiff,195,177,glomeruli,181,33,376,210
2f6ecfcdf_7808_9672.tiff,125,100,glomeruli,148,310,273,410
2f6ecfcdf_7808_9672.tiff,144,164,glomeruli,109,42,253,206
2f6ecfcdf_8296_10075.tiff,160,65,glomeruli,0,423,160,488
2f6ecfcdf_8296_10075.tiff,59,143,glomeruli,0,161,59,304
2f6ecfcdf_8296_10881.tiff,118,172,glomeruli,147,256,265,428
2f6ecfcdf_8296_8866.tiff,48,8,glomeruli,131,0,179,8
2f6ecfcdf_8296_9672.tiff,12,34,glomeruli,391,454,403,488
2f6ecfcdf_8296_9672.tiff,129,149,glomeruli,274,157,403,306
2f6ecfcdf_8296_9672.tiff,111,93,glomeruli,287,9,398,102
2f6ecfcdf_8784_10075.tiff,159,196,glomeruli,0,0,159,196
2f6ecfcdf_8784_10478.tiff,74,49,glomeruli,329,439,403,488
2f6ecfcdf_8784_10881.tiff,44,48,glomeruli,0,440,44,488
2f6ecfcdf_8784_10881.tiff,97,91,glomeruli,103,324,200,415
2f6ecfcdf_8784_10881.tiff,109,153,glomeruli,79,0,188,153
2f6ecfcdf_8784_11687.tiff,19,17,glomeruli,97,335,116,352
2f6ecfcdf_8784_8866.tiff,10,63,glomeruli,393,308,403,371
2f6ecfcdf_8784_9269.tiff,167,152,glomeruli,0,280,167,432
2f6ecfcdf_8784_9269.tiff,6,19,glomeruli,397,166,403,185
2f6ecfcdf_8784_9672.tiff,111,61,glomeruli,0,148,111,209
2f6ecfcdf_8784_9672.tiff,8,59,glomeruli,395,80,403,139
2f6ecfcdf_8784_9672.tiff,147,145,glomeruli,47,32,194,177
2f6ecfcdf_8784_9672.tiff,9,19,glomeruli,394,0,403,19
2f6ecfcdf_9272_10075.tiff,53,146,glomeruli,0,240,53,386
2f6ecfcdf_9272_10075.tiff,115,157,glomeruli,0,17,115,174
2f6ecfcdf_9272_10478.tiff,124,144,glomeruli,57,251,181,395
2f6ecfcdf_9272_10478.tiff,77,85,glomeruli,326,0,403,85
2f6ecfcdf_9272_10881.tiff,56,83,glomeruli,0,0,56,83
2f6ecfcdf_9272_8866.tiff,120,28,glomeruli,225,460,345,488
2f6ecfcdf_9272_9269.tiff,138,134,glomeruli,207,82,345,216
2f6ecfcdf_9272_9672.tiff,102,149,glomeruli,301,238,403,387
2f6ecfcdf_9272_9672.tiff,62,140,glomeruli,341,22,403,162
2f6ecfcdf_9760_10478.tiff,137,132,glomeruli,88,140,225,272
2f6ecfcdf_9760_6851.tiff,134,122,glomeruli,164,366,298,488
2f6ecfcdf_9760_7254.tiff,171,135,glomeruli,141,353,312,488
2f6ecfcdf_9760_7254.tiff,172,138,glomeruli,167,122,339,260
2f6ecfcdf_9760_7657.tiff,139,131,glomeruli,248,357,387,488
2f6ecfcdf_9760_7657.tiff,106,104,glomeruli,197,180,303,284
2f6ecfcdf_9760_7657.tiff,73,56,glomeruli,324,140,397,196
2f6ecfcdf_9760_8463.tiff,176,154,glomeruli,93,293,269,447
2f6ecfcdf_9760_8463.tiff,160,128,glomeruli,128,162,288,290
2f6ecfcdf_9760_8463.tiff,141,126,glomeruli,262,2,403,128
2f6ecfcdf_9760_8866.tiff,141,143,glomeruli,255,335,396,478
2f6ecfcdf_9760_8866.tiff,23,84,glomeruli,0,30,23,114
2f6ecfcdf_9760_8866.tiff,173,125,glomeruli,217,0,390,125
2f6ecfcdf_9760_9269.tiff,74,108,glomeruli,329,147,403,255
2f6ecfcdf_9760_9672.tiff,31,93,glomeruli,0,159,31,252
54f2eec69_1425_3470.tiff,112,98,glomeruli,146,377,258,475
54f2eec69_1425_4164.tiff,36,8,glomeruli,47,467,83,475
54f2eec69_1425_4858.tiff,123,89,glomeruli,224,386,347,475
54f2eec69_1425_5205.tiff,37,53,glomeruli,0,422,37,475
54f2eec69_1425_6246.tiff,31,124,glomeruli,316,26,347,150
54f2eec69_1425_6593.tiff,211,198,glomeruli,0,5,211,203
54f2eec69_1900_3470.tiff,86,33,glomeruli,158,0,244,33
54f2eec69_1900_4164.tiff,141,147,glomeruli,11,0,152,147
54f2eec69_1900_4511.tiff,144,46,glomeruli,58,429,202,475
54f2eec69_1900_4858.tiff,121,64,glomeruli,226,0,347,64
54f2eec69_1900_5205.tiff,39,49,glomeruli,0,0,39,49
54f2eec69_1900_5552.tiff,185,164,glomeruli,162,163,347,327
54f2eec69_1900_5899.tiff,12,94,glomeruli,0,185,12,279
54f2eec69_1900_6246.tiff,57,146,glomeruli,290,60,347,206
54f2eec69_1900_6593.tiff,124,207,glomeruli,0,38,124,245
54f2eec69_1900_7634.tiff,175,192,glomeruli,105,233,280,425
54f2eec69_2375_3123.tiff,198,166,glomeruli,105,309,303,475
54f2eec69_2375_3817.tiff,127,142,glomeruli,43,236,170,378
54f2eec69_2375_4511.tiff,180,140,glomeruli,36,0,216,140
54f2eec69_2375_5205.tiff,53,168,glomeruli,294,138,347,306
54f2eec69_2375_5552.tiff,153,229,glomeruli,0,67,153,296
54f2eec69_2375_6940.tiff,99,120,glomeruli,248,220,347,340
54f2eec69_2375_7287.tiff,9,56,glomeruli,0,258,9,314
54f2eec69_2375_7634.tiff,132,60,glomeruli,192,415,324,475
54f2eec69_2375_8328.tiff,208,224,glomeruli,75,29,283,253
54f2eec69_2850_3123.tiff,17,4,glomeruli,166,0,183,4
54f2eec69_2850_4164.tiff,137,152,glomeruli,65,62,202,214
54f2eec69_2850_4511.tiff,85,93,glomeruli,35,280,120,373
54f2eec69_2850_5899.tiff,98,120,glomeruli,249,355,347,475
54f2eec69_2850_6246.tiff,89,116,glomeruli,0,359,89,475
54f2eec69_2850_6246.tiff,123,195,glomeruli,224,223,347,418
54f2eec69_2850_6593.tiff,77,190,glomeruli,0,235,77,425
54f2eec69_2850_7287.tiff,119,198,glomeruli,228,241,347,439
54f2eec69_2850_7634.tiff,222,174,glomeruli,125,301,347,475
54f2eec69_2850_7634.tiff,83,188,glomeruli,0,239,83,427
54f2eec69_2850_7634.tiff,139,92,glomeruli,190,0,329,92
54f2eec69_2850_7981.tiff,3,15,glomeruli,0,323,3,338
54f2eec69_2850_7981.tiff,164,145,glomeruli,162,186,326,331
54f2eec69_3325_2429.tiff,78,190,glomeruli,269,197,347,387
54f2eec69_3325_2776.tiff,59,187,glomeruli,0,200,59,387
54f2eec69_3325_3817.tiff,31,135,glomeruli,316,94,347,229
54f2eec69_3325_4164.tiff,160,193,glomeruli,0,55,160,248
54f2eec69_3325_5205.tiff,27,99,glomeruli,320,228,347,327
54f2eec69_3325_5205.tiff,164,155,glomeruli,12,47,176,202
54f2eec69_3325_5552.tiff,133,145,glomeruli,0,210,133,355
54f2eec69_3325_5899.tiff,93,19,glomeruli,254,0,347,19
54f2eec69_3325_6246.tiff,29,8,glomeruli,0,0,29,8
54f2eec69_3325_6940.tiff,171,105,glomeruli,51,370,222,475
54f2eec69_3325_7287.tiff,69,213,glomeruli,278,241,347,454
54f2eec69_3325_7634.tiff,110,226,glomeruli,0,226,110,452
54f2eec69_3325_7634.tiff,200,174,glomeruli,90,96,290,270
54f2eec69_3325_7634.tiff,75,12,glomeruli,144,0,219,12
54f2eec69_3325_7981.tiff,217,194,glomeruli,4,81,221,275
54f2eec69_3800_2429.tiff,188,291,glomeruli,159,184,347,475
54f2eec69_3800_2776.tiff,70,263,glomeruli,0,212,70,475
54f2eec69_3800_5552.tiff,177,152,glomeruli,23,180,200,332
54f2eec69_3800_5552.tiff,84,200,glomeruli,263,27,347,227
54f2eec69_3800_5899.tiff,84,203,glomeruli,0,27,84,230
54f2eec69_3800_6940.tiff,147,30,glomeruli,79,0,226,30
54f2eec69_3800_7634.tiff,147,48,glomeruli,47,427,194,475
54f2eec69_3800_7981.tiff,152,125,glomeruli,195,350,347,475
54f2eec69_3800_7981.tiff,153,89,glomeruli,112,122,265,211
54f2eec69_3800_8328.tiff,23,93,glomeruli,0,382,23,475
54f2eec69_3800_8675.tiff,142,60,glomeruli,183,415,325,475
54f2eec69_4275_2429.tiff,114,40,glomeruli,233,0,347,40
54f2eec69_4275_2776.tiff,28,42,glomeruli,0,0,28,42
54f2eec69_4275_3470.tiff,148,212,glomeruli,199,203,347,415
54f2eec69_4275_3470.tiff,125,166,glomeruli,64,48,189,214
54f2eec69_4275_3817.tiff,27,133,glomeruli,0,222,27,355
54f2eec69_4275_4511.tiff,167,213,glomeruli,163,80,330,293
54f2eec69_4275_5899.tiff,180,72,glomeruli,38,403,218,475
54f2eec69_4275_5899.tiff,24,73,glomeruli,323,393,347,466
54f2eec69_4275_6246.tiff,160,111,glomeruli,0,364,160,475
54f2eec69_4275_7287.tiff,59,129,glomeruli,288,346,347,475
54f2eec69_4275_7634.tiff,124,136,glomeruli,0,339,124,475
54f2eec69_4275_7634.tiff,173,119,glomeruli,45,0,218,119
54f2eec69_4275_7981.tiff,147,48,glomeruli,194,427,341,475
54f2eec69_4275_7981.tiff,140,58,glomeruli,207,0,347,58
54f2eec69_4275_8328.tiff,57,5,glomeruli,100,470,157,475
54f2eec69_4275_8328.tiff,7,10,glomeruli,0,0,7,10
54f2eec69_4275_8675.tiff,201,196,glomeruli,140,173,341,369
54f2eec69_4275_8675.tiff,143,73,glomeruli,183,0,326,73
54f2eec69_4275_9022.tiff,96,125,glomeruli,251,250,347,375
54f2eec69_4275_9369.tiff,96,129,glomeruli,0,248,96,377
54f2eec69_4275_9716.tiff,90,12,glomeruli,20,463,110,475
54f2eec69_4750_10063.tiff,106,177,glomeruli,0,149,106,326
54f2eec69_4750_3470.tiff,184,186,glomeruli,99,289,283,475
54f2eec69_4750_4858.tiff,104,127,glomeruli,200,222,304,349
54f2eec69_4750_5205.tiff,210,190,glomeruli,37,194,247,384
54f2eec69_4750_5899.tiff,182,112,glomeruli,34,0,216,112
54f2eec69_4750_6246.tiff,53,10,glomeruli,5,0,58,10
54f2eec69_4750_6940.tiff,170,95,glomeruli,166,380,336,475
54f2eec69_4750_7287.tiff,44,26,glomeruli,303,0,347,26
54f2eec69_4750_7634.tiff,142,227,glomeruli,205,191,347,418
54f2eec69_4750_7634.tiff,102,29,glomeruli,0,0,102,29
54f2eec69_4750_7981.tiff,68,173,glomeruli,0,211,68,384
54f2eec69_4750_7981.tiff,169,87,glomeruli,171,0,340,87
54f2eec69_4750_8328.tiff,203,233,glomeruli,32,225,235,458
54f2eec69_4750_8328.tiff,140,131,glomeruli,74,0,214,131
54f2eec69_4750_9369.tiff,154,87,glomeruli,193,388,347,475
54f2eec69_4750_9369.tiff,40,127,glomeruli,307,14,347,141
54f2eec69_4750_9716.tiff,18,49,glomeruli,0,426,18,475
54f2eec69_4750_9716.tiff,49,143,glomeruli,298,186,347,329
54f2eec69_4750_9716.tiff,130,143,glomeruli,0,0,130,143
54f2eec69_475_4858.tiff,168,182,glomeruli,179,293,347,475
54f2eec69_475_5205.tiff,45,157,glomeruli,0,305,45,462
54f2eec69_5225_1735.tiff,36,177,glomeruli,311,73,347,250
54f2eec69_5225_2082.tiff,122,196,glomeruli,0,54,122,250
54f2eec69_5225_3470.tiff,182,65,glomeruli,165,410,347,475
54f2eec69_5225_3470.tiff,156,72,glomeruli,111,0,267,72
54f2eec69_5225_3817.tiff,22,47,glomeruli,0,410,22,457
54f2eec69_5225_3817.tiff,153,87,glomeruli,194,388,347,475
54f2eec69_5225_4164.tiff,34,62,glomeruli,0,413,34,475
54f2eec69_5225_6593.tiff,177,207,glomeruli,2,182,179,389
54f2eec69_5225_6940.tiff,190,131,glomeruli,151,0,341,131
54f2eec69_5225_7287.tiff,106,29,glomeruli,146,446,252,475
54f2eec69_5225_7287.tiff,214,236,glomeruli,71,158,285,394
54f2eec69_5225_7634.tiff,244,199,glomeruli,7,148,251,347
54f2eec69_5225_8675.tiff,229,191,glomeruli,116,117,345,308
54f2eec69_5225_9022.tiff,104,29,glomeruli,100,446,204,475
54f2eec69_5225_9022.tiff,112,154,glomeruli,197,236,309,390
54f2eec69_5225_9369.tiff,225,185,glomeruli,108,290,333,475
54f2eec69_5225_9369.tiff,167,140,glomeruli,180,0,347,140
54f2eec69_5225_9716.tiff,19,70,glomeruli,0,0,19,70
54f2eec69_5700_2082.tiff,220,125,glomeruli,127,147,347,272
54f2eec69_5700_2429.tiff,160,70,glomeruli,106,405,266,475
54f2eec69_5700_2429.tiff,34,82,glomeruli,0,160,34,242
54f2eec69_5700_2429.tiff,229,270,glomeruli,39,79,268,349
54f2eec69_5700_3470.tiff,121,215,glomeruli,226,166,347,381
54f2eec69_5700_3470.tiff,177,98,glomeruli,159,0,336,98
54f2eec69_5700_3817.tiff,174,188,glomeruli,173,210,347,398
54f2eec69_5700_3817.tiff,104,216,glomeruli,0,166,104,382
54f2eec69_5700_3817.tiff,164,123,glomeruli,183,0,347,123
54f2eec69_5700_4164.tiff,43,93,glomeruli,0,0,43,93
54f2eec69_5700_5899.tiff,117,111,glomeruli,150,61,267,172
54f2eec69_5700_7287.tiff,167,134,glomeruli,122,0,289,134
54f2eec69_5700_7981.tiff,4,7,glomeruli,343,468,347,475
54f2eec69_5700_7981.tiff,192,99,glomeruli,141,376,333,475
54f2eec69_5700_7981.tiff,9,67,glomeruli,338,188,347,255
54f2eec69_5700_8328.tiff,113,58,glomeruli,0,417,113,475
54f2eec69_5700_8328.tiff,139,137,glomeruli,0,159,139,296
54f2eec69_5700_8675.tiff,9,99,glomeruli,338,265,347,364
54f2eec69_5700_9022.tiff,169,238,glomeruli,0,206,169,444
54f2eec69_5700_9022.tiff,168,130,glomeruli,58,0,226,130
54f2eec69_5700_9369.tiff,78,159,glomeruli,269,39,347,198
54f2eec69_5700_9369.tiff,148,38,glomeruli,146,0,294,38
54f2eec69_5700_9716.tiff,232,107,glomeruli,114,368,346,475
54f2eec69_5700_9716.tiff,103,163,glomeruli,0,37,103,200
54f2eec69_6175_10063.tiff,7,35,glomeruli,0,27,7,62
54f2eec69_6175_10063.tiff,2,15,glomeruli,0,4,2,19
54f2eec69_6175_2082.tiff,109,194,glomeruli,238,244,347,438
54f2eec69_6175_2429.tiff,84,177,glomeruli,0,245,84,422
54f2eec69_6175_2429.tiff,212,119,glomeruli,75,0,287,119
54f2eec69_6175_2776.tiff,129,217,glomeruli,218,121,347,338
54f2eec69_6175_3123.tiff,71,214,glomeruli,0,121,71,335
54f2eec69_6175_3470.tiff,18,72,glomeruli,329,403,347,475
54f2eec69_6175_3470.tiff,172,87,glomeruli,75,388,247,475
54f2eec69_6175_3470.tiff,163,211,glomeruli,184,36,347,247
54f2eec69_6175_3817.tiff,199,163,glomeruli,0,312,199,475
54f2eec69_6175_3817.tiff,28,131,glomeruli,0,40,28,171
54f2eec69_6175_4511.tiff,127,154,glomeruli,220,317,347,471
54f2eec69_6175_4858.tiff,25,87,glomeruli,0,359,25,446
54f2eec69_6175_6246.tiff,131,246,glomeruli,216,229,347,475
54f2eec69_6175_6246.tiff,88,202,glomeruli,259,26,347,228
54f2eec69_6175_6593.tiff,75,15,glomeruli,151,460,226,475
54f2eec69_6175_6593.tiff,305,449,glomeruli,0,22,305,471
54f2eec69_6175_6940.tiff,197,218,glomeruli,150,234,347,452
54f2eec69_6175_7287.tiff,2,9,glomeruli,0,390,2,399
54f2eec69_6175_7981.tiff,20,125,glomeruli,327,0,347,125
54f2eec69_6175_7981.tiff,202,122,glomeruli,131,0,333,122
54f2eec69_6175_8328.tiff,117,142,glomeruli,0,0,117,142
54f2eec69_6175_9022.tiff,15,89,glomeruli,332,158,347,247
54f2eec69_6175_9369.tiff,178,74,glomeruli,169,401,347,475
54f2eec69_6175_9369.tiff,89,164,glomeruli,0,139,89,303
54f2eec69_6175_9716.tiff,235,118,glomeruli,112,0,347,118
54f2eec69_6650_3123.tiff,224,211,glomeruli,110,38,334,249
54f2eec69_6650_3470.tiff,18,45,glomeruli,329,0,347,45
54f2eec69_6650_3470.tiff,173,163,glomeruli,75,0,248,163
54f2eec69_6650_3817.tiff,4,54,glomeruli,343,343,347,397
54f2eec69_6650_3817.tiff,182,70,glomeruli,0,0,182,70
54f2eec69_6650_4164.tiff,244,227,glomeruli,0,227,244,454
54f2eec69_6650_5205.tiff,121,142,glomeruli,226,29,347,171
54f2eec69_6650_5552.tiff,129,144,glomeruli,95,318,224,462
54f2eec69_6650_5552.tiff,66,137,glomeruli,0,33,66,170
54f2eec69_6650_6246.tiff,27,4,glomeruli,308,0,335,4
54f2eec69_6650_6593.tiff,55,168,glomeruli,292,103,347,271
54f2eec69_6650_6593.tiff,166,137,glomeruli,107,0,273,137
54f2eec69_6650_6940.tiff,166,216,glomeruli,0,90,166,306
54f2eec69_6650_7634.tiff,48,152,glomeruli,299,100,347,252
54f2eec69_6650_7981.tiff,109,164,glomeruli,0,89,109,253
54f2eec69_6650_8675.tiff,98,205,glomeruli,249,53,347,258
54f2eec69_6650_8675.tiff,144,184,glomeruli,71,18,215,202
54f2eec69_6650_9022.tiff,105,229,glomeruli,0,31,105,260
54f2eec69_6650_9369.tiff,180,151,glomeruli,167,0,347,151
54f2eec69_6650_9716.tiff,12,63,glomeruli,0,2,12,65
54f2eec69_7125_2429.tiff,129,99,glomeruli,136,298,265,397
54f2eec69_7125_4164.tiff,46,191,glomeruli,301,279,347,470
54f2eec69_7125_4511.tiff,162,240,glomeruli,0,233,162,473
54f2eec69_7125_4511.tiff,85,271,glomeruli,262,122,347,393
54f2eec69_7125_4858.tiff,122,263,glomeruli,0,138,122,401
54f2eec69_7125_5552.tiff,123,42,glomeruli,27,433,150,475
54f2eec69_7125_5552.tiff,145,180,glomeruli,2,202,147,382
54f2eec69_7125_6593.tiff,142,131,glomeruli,70,344,212,475
54f2eec69_7125_6593.tiff,143,202,glomeruli,204,18,347,220
54f2eec69_7125_6940.tiff,91,226,glomeruli,256,116,347,342
54f2eec69_7125_6940.tiff,69,168,glomeruli,0,18,69,186
54f2eec69_7125_7287.tiff,127,83,glomeruli,107,392,234,475
54f2eec69_7125_7287.tiff,119,228,glomeruli,0,112,119,340
54f2eec69_7125_8328.tiff,113,93,glomeruli,89,382,202,475
54f2eec69_7125_8675.tiff,210,247,glomeruli,72,0,282,247
54f2eec69_7600_3817.tiff,57,4,glomeruli,243,471,300,475
54f2eec69_7600_4164.tiff,221,211,glomeruli,37,211,258,422
54f2eec69_7600_4511.tiff,86,11,glomeruli,79,464,165,475
54f2eec69_7600_5205.tiff,82,46,glomeruli,265,429,347,475
54f2eec69_7600_5552.tiff,12,9,glomeruli,0,466,12,475
54f2eec69_7600_5552.tiff,141,92,glomeruli,14,0,155,92
54f2eec69_7600_5899.tiff,43,184,glomeruli,304,280,347,464
54f2eec69_7600_6246.tiff,112,59,glomeruli,173,416,285,475
54f2eec69_7600_6246.tiff,150,240,glomeruli,0,235,150,475
54f2eec69_7600_6593.tiff,206,265,glomeruli,134,156,340,421
54f2eec69_7600_6593.tiff,121,31,glomeruli,76,0,197,31
54f2eec69_7600_7287.tiff,73,170,glomeruli,274,220,347,390
54f2eec69_7600_7287.tiff,133,82,glomeruli,108,0,241,82
54f2eec69_7600_7634.tiff,141,169,glomeruli,0,223,141,392
54f2eec69_7600_7981.tiff,199,83,glomeruli,139,392,338,475
54f2eec69_7600_8328.tiff,55,108,glomeruli,292,44,347,152
54f2eec69_7600_8328.tiff,103,36,glomeruli,93,0,196,36
54f2eec69_7600_8675.tiff,75,115,glomeruli,0,37,75,152
54f2eec69_8075_3817.tiff,185,133,glomeruli,153,0,338,133
54f2eec69_8075_4164.tiff,149,56,glomeruli,198,419,347,475
54f2eec69_8075_4511.tiff,24,10,glomeruli,323,465,347,475
54f2eec69_8075_4511.tiff,45,51,glomeruli,0,424,45,475
54f2eec69_8075_4511.tiff,189,221,glomeruli,35,0,224,221
54f2eec69_8075_4858.tiff,85,17,glomeruli,0,458,85,475
54f2eec69_8075_4858.tiff,6,38,glomeruli,341,230,347,268
54f2eec69_8075_5205.tiff,183,208,glomeruli,164,267,347,475
54f2eec69_8075_5205.tiff,243,209,glomeruli,0,121,243,330
54f2eec69_8075_5205.tiff,104,268,glomeruli,243,0,347,268
54f2eec69_8075_5552.tiff,22,108,glomeruli,0,315,22,423
54f2eec69_8075_5552.tiff,97,181,glomeruli,0,0,97,181
54f2eec69_8075_6246.tiff,73,194,glomeruli,274,35,347,229
54f2eec69_8075_6246.tiff,135,105,glomeruli,156,0,291,105
54f2eec69_8075_6246.tiff,74,19,glomeruli,15,0,89,19
54f2eec69_8075_6593.tiff,115,202,glomeruli,0,29,115,231
54f2eec69_8075_7287.tiff,158,207,glomeruli,189,59,347,266
54f2eec69_8075_7634.tiff,40,150,glomeruli,0,70,40,220
54f2eec69_8075_7981.tiff,207,173,glomeruli,140,0,347,173
54f2eec69_8075_8328.tiff,4,26,glomeruli,0,41,4,67
54f2eec69_8550_4164.tiff,191,198,glomeruli,156,0,347,198
54f2eec69_8550_4511.tiff,55,190,glomeruli,292,0,347,190
54f2eec69_8550_4511.tiff,212,295,glomeruli,0,0,212,295
54f2eec69_8550_4858.tiff,119,211,glomeruli,0,0,119,211
54f2eec69_8550_5205.tiff,129,216,glomeruli,218,83,347,299
54f2eec69_8550_5205.tiff,74,33,glomeruli,206,0,280,33
54f2eec69_8550_5552.tiff,161,175,glomeruli,77,288,238,463
54f2eec69_8550_5552.tiff,57,175,glomeruli,0,102,57,277
54f2eec69_8550_6246.tiff,6,70,glomeruli,341,268,347,338
54f2eec69_8550_6593.tiff,158,177,glomeruli,0,191,158,368
54f2eec69_8550_6940.tiff,180,127,glomeruli,148,348,328,475
54f2eec69_8550_7634.tiff,118,121,glomeruli,199,193,317,314
54f2eec69_9025_4511.tiff,175,150,glomeruli,132,114,307,264
54f2eec69_9025_6940.tiff,38,187,glomeruli,309,63,347,250
54f2eec69_9025_6940.tiff,176,119,glomeruli,151,0,327,119
54f2eec69_9025_7287.tiff,126,203,glomeruli,0,48,126,251
54f2eec69_950_4164.tiff,152,182,glomeruli,195,122,347,304
54f2eec69_950_4511.tiff,32,115,glomeruli,0,158,32,273
54f2eec69_950_4511.tiff,16,97,glomeruli,331,130,347,227
54f2eec69_950_4858.tiff,347,286,glomeruli,0,54,347,340
54f2eec69_950_5205.tiff,63,206,glomeruli,284,243,347,449
54f2eec69_950_5205.tiff,3,8,glomeruli,0,185,3,193
54f2eec69_950_5205.tiff,118,186,glomeruli,229,54,347,240
54f2eec69_950_5552.tiff,112,404,glomeruli,0,52,112,456
54f2eec69_9975_5205.tiff,100,115,glomeruli,89,47,189,162
54f2eec69_9975_5552.tiff,30,154,glomeruli,317,34,347,188
54f2eec69_9975_5899.tiff,208,203,glomeruli,0,7,208,210
54f2eec69_9975_6246.tiff,113,117,glomeruli,139,29,252,146
aaa6a05cc_1152_3654.tiff,117,43,glomeruli,47,0,164,43
aaa6a05cc_1152_3857.tiff,106,106,glomeruli,26,55,132,161
aaa6a05cc_1152_4263.tiff,93,35,glomeruli,79,253,172,288
aaa6a05cc_1440_2436.tiff,136,136,glomeruli,7,23,143,159
aaa6a05cc_1440_4263.tiff,93,51,glomeruli,79,0,172,51
aaa6a05cc_1728_2842.tiff,44,120,glomeruli,159,160,203,280
aaa6a05cc_1728_3045.tiff,121,129,glomeruli,0,159,121,288
aaa6a05cc_1728_3857.tiff,105,119,glomeruli,18,52,123,171
aaa6a05cc_1728_4263.tiff,30,111,glomeruli,173,50,203,161
aaa6a05cc_1728_4466.tiff,105,146,glomeruli,0,38,105,184
aaa6a05cc_1728_4669.tiff,135,120,glomeruli,14,168,149,288
aaa6a05cc_2016_2233.tiff,107,137,glomeruli,52,70,159,207
aaa6a05cc_2016_3045.tiff,101,18,glomeruli,20,0,121,18
aaa6a05cc_2304_3654.tiff,51,1,glomeruli,98,287,149,288
aaa6a05cc_2304_4669.tiff,84,142,glomeruli,119,13,203,155
aaa6a05cc_2304_4872.tiff,28,106,glomeruli,0,34,28,140
aaa6a05cc_2304_5075.tiff,132,130,glomeruli,71,81,203,211
aaa6a05cc_2304_5278.tiff,7,43,glomeruli,0,122,7,165
aaa6a05cc_2592_1827.tiff,71,158,glomeruli,132,96,203,254
aaa6a05cc_2592_2030.tiff,47,145,glomeruli,0,94,47,239
aaa6a05cc_2592_2639.tiff,6,50,glomeruli,197,69,203,119
aaa6a05cc_2592_2842.tiff,139,137,glomeruli,0,45,139,182
aaa6a05cc_2592_3654.tiff,115,121,glomeruli,53,0,168,121
aaa6a05cc_2592_4669.tiff,91,150,glomeruli,7,78,98,228
aaa6a05cc_2880_1827.tiff,49,22,glomeruli,154,266,203,288
aaa6a05cc_2880_2030.tiff,24,22,glomeruli,0,266,24,288
aaa6a05cc_2880_2233.tiff,74,128,glomeruli,129,104,203,232
aaa6a05cc_2880_2436.tiff,82,122,glomeruli,0,112,82,234
aaa6a05cc_2880_3045.tiff,96,23,glomeruli,58,265,154,288
aaa6a05cc_2880_3248.tiff,105,145,glomeruli,41,23,146,168
aaa6a05cc_2880_4060.tiff,79,25,glomeruli,124,263,203,288
aaa6a05cc_2880_4263.tiff,25,25,glomeruli,0,263,25,288
aaa6a05cc_3168_1827.tiff,51,87,glomeruli,152,0,203,87
aaa6a05cc_3168_2030.tiff,49,90,glomeruli,0,0,49,90
aaa6a05cc_3168_2233.tiff,67,133,glomeruli,136,107,203,240
aaa6a05cc_3168_2436.tiff,49,125,glomeruli,0,117,49,242
aaa6a05cc_3168_2436.tiff,14,78,glomeruli,189,59,203,137
aaa6a05cc_3168_2639.tiff,160,166,glomeruli,0,36,160,202
aaa6a05cc_3168_3045.tiff,130,96,glomeruli,65,192,195,288
aaa6a05cc_3168_3045.tiff,145,107,glomeruli,20,0,165,107
aaa6a05cc_3168_3451.tiff,107,111,glomeruli,94,13,201,124
aaa6a05cc_3168_3857.tiff,31,89,glomeruli,172,195,203,284
aaa6a05cc_3168_4060.tiff,73,97,glomeruli,0,191,73,288
aaa6a05cc_3168_4060.tiff,118,118,glomeruli,85,0,203,118
aaa6a05cc_3168_4263.tiff,74,82,glomeruli,87,172,161,254
aaa6a05cc_3168_4263.tiff,39,112,glomeruli,0,0,39,112
aaa6a05cc_3168_4466.tiff,40,89,glomeruli,163,199,203,288
aaa6a05cc_3168_4669.tiff,51,92,glomeruli,0,196,51,288
aaa6a05cc_3168_5278.tiff,102,112,glomeruli,101,175,203,287
aaa6a05cc_3168_5481.tiff,47,103,glomeruli,0,184,47,287
aaa6a05cc_3456_1218.tiff,71,47,glomeruli,132,241,203,288
aaa6a05cc_3456_1421.tiff,40,43,glomeruli,0,245,40,288
aaa6a05cc_3456_2639.tiff,96,49,glomeruli,86,239,182,288
aaa6a05cc_3456_3045.tiff,115,66,glomeruli,68,0,183,66
aaa6a05cc_3456_3248.tiff,115,54,glomeruli,46,234,161,288
aaa6a05cc_3456_3451.tiff,114,106,glomeruli,9,182,123,288
aaa6a05cc_3456_3451.tiff,60,151,glomeruli,143,45,203,196
aaa6a05cc_3456_3654.tiff,46,128,glomeruli,157,158,203,286
aaa6a05cc_3456_3654.tiff,118,162,glomeruli,0,39,118,201
aaa6a05cc_3456_3857.tiff,128,161,glomeruli,0,127,128,288
aaa6a05cc_3456_4060.tiff,39,57,glomeruli,164,231,203,288
aaa6a05cc_3456_4060.tiff,19,2,glomeruli,12,0,31,2
aaa6a05cc_3456_4263.tiff,84,74,glomeruli,0,214,84,288
aaa6a05cc_3456_4466.tiff,97,24,glomeruli,23,264,120,288
aaa6a05cc_3456_4466.tiff,15,2,glomeruli,186,0,201,2
aaa6a05cc_3456_4872.tiff,123,133,glomeruli,76,74,199,207
aaa6a05cc_3744_1218.tiff,72,75,glomeruli,131,0,203,75
aaa6a05cc_3744_1421.tiff,55,79,glomeruli,0,0,55,79
aaa6a05cc_3744_1624.tiff,18,88,glomeruli,185,144,203,232
aaa6a05cc_3744_1827.tiff,117,136,glomeruli,0,132,117,268
aaa6a05cc_3744_2639.tiff,95,49,glomeruli,88,0,183,49
aaa6a05cc_3744_2842.tiff,75,124,glomeruli,128,164,203,288
aaa6a05cc_3744_3045.tiff,40,123,glomeruli,0,165,40,288
aaa6a05cc_3744_3248.tiff,124,116,glomeruli,46,0,170,116
aaa6a05cc_3744_3451.tiff,52,13,glomeruli,41,0,93,13
aaa6a05cc_3744_3654.tiff,143,137,glomeruli,58,57,201,194
aaa6a05cc_3744_4060.tiff,96,117,glomeruli,71,171,167,288
aaa6a05cc_3744_4060.tiff,30,150,glomeruli,173,109,203,259
aaa6a05cc_3744_4060.tiff,51,53,glomeruli,152,0,203,53
aaa6a05cc_3744_4263.tiff,203,196,glomeruli,0,92,203,288
aaa6a05cc_3744_4263.tiff,84,53,glomeruli,0,0,84,53
aaa6a05cc_3744_4466.tiff,18,59,glomeruli,0,197,18,256
aaa6a05cc_3744_4466.tiff,110,81,glomeruli,10,0,120,81
aaa6a05cc_3744_4669.tiff,106,83,glomeruli,25,197,131,280
aaa6a05cc_3744_812.tiff,102,44,glomeruli,99,244,201,288
aaa6a05cc_4032_1015.tiff,136,61,glomeruli,56,227,192,288
aaa6a05cc_4032_1015.tiff,1,8,glomeruli,0,21,1,29
aaa6a05cc_4032_1827.tiff,153,100,glomeruli,40,115,193,215
aaa6a05cc_4032_2030.tiff,82,93,glomeruli,121,195,203,288
aaa6a05cc_4032_2233.tiff,8,66,glomeruli,0,222,8,288
aaa6a05cc_4032_2436.tiff,108,64,glomeruli,95,224,203,288
aaa6a05cc_4032_4060.tiff,49,16,glomeruli,100,0,149,16
aaa6a05cc_4032_4263.tiff,66,8,glomeruli,94,0,160,8
aaa6a05cc_4032_812.tiff,112,81,glomeruli,91,0,203,81
aaa6a05cc_4320_1015.tiff,133,57,glomeruli,55,0,188,57
aaa6a05cc_4320_1218.tiff,125,70,glomeruli,70,218,195,288
aaa6a05cc_4320_1421.tiff,77,76,glomeruli,126,212,203,288
aaa6a05cc_4320_1624.tiff,48,72,glomeruli,0,216,48,288
aaa6a05cc_4320_2030.tiff,67,17,glomeruli,136,0,203,17
aaa6a05cc_4320_2233.tiff,120,93,glomeruli,51,48,171,141
aaa6a05cc_4320_2233.tiff,3,6,glomeruli,0,0,3,6
aaa6a05cc_4320_2436.tiff,114,124,glomeruli,89,140,203,264
aaa6a05cc_4320_2436.tiff,103,27,glomeruli,98,0,201,27
aaa6a05cc_4320_2639.tiff,37,109,glomeruli,0,148,37,257
aaa6a05cc_4320_2842.tiff,136,173,glomeruli,18,61,154,234
aaa6a05cc_4608_1218.tiff,104,24,glomeruli,85,0,189,24
aaa6a05cc_4608_1421.tiff,75,68,glomeruli,128,0,203,68
aaa6a05cc_4608_1624.tiff,47,73,glomeruli,0,0,47,73
aaa6a05cc_4608_1827.tiff,65,142,glomeruli,138,96,203,238
aaa6a05cc_4608_2030.tiff,50,145,glomeruli,0,95,50,240
aaa6a05cc_4608_2030.tiff,153,101,glomeruli,40,44,193,145
aaa6a05cc_4608_2842.tiff,24,102,glomeruli,179,61,203,163
aaa6a05cc_4608_2842.tiff,126,146,glomeruli,20,40,146,186
aaa6a05cc_4608_3045.tiff,70,136,glomeruli,0,58,70,194
aaa6a05cc_4896_1827.tiff,127,136,glomeruli,16,57,143,193
aaa6a05cc_4896_1827.tiff,19,52,glomeruli,184,51,203,103
aaa6a05cc_4896_2030.tiff,92,101,glomeruli,0,30,92,131
aaa6a05cc_4896_2436.tiff,37,90,glomeruli,166,198,203,288
aaa6a05cc_4896_2639.tiff,87,98,glomeruli,0,190,87,288
aaa6a05cc_4896_812.tiff,109,117,glomeruli,26,44,135,161
aaa6a05cc_5184_1015.tiff,128,144,glomeruli,46,38,174,182
aaa6a05cc_5184_1218.tiff,84,125,glomeruli,119,8,203,133
aaa6a05cc_5184_1421.tiff,62,114,glomeruli,0,21,62,135
aaa6a05cc_5184_1624.tiff,91,112,glomeruli,49,98,140,210
aaa6a05cc_5184_2233.tiff,134,92,glomeruli,13,196,147,288
aaa6a05cc_5472_1421.tiff,80,112,glomeruli,50,87,130,199
aaa6a05cc_5472_2233.tiff,105,29,glomeruli,35,0,140,29
aaa6a05cc_5472_2639.tiff,24,95,glomeruli,179,79,203,174
aaa6a05cc_5472_2842.tiff,73,106,glomeruli,0,79,73,185
aaa6a05cc_5760_2030.tiff,95,119,glomeruli,28,67,123,186
aaa6a05cc_5760_2436.tiff,9,4,glomeruli,194,284,203,288
aaa6a05cc_5760_2436.tiff,97,74,glomeruli,36,214,133,288
aaa6a05cc_5760_2639.tiff,42,8,glomeruli,0,280,42,288
aaa6a05cc_5760_2842.tiff,116,156,glomeruli,43,36,159,192
aaa6a05cc_6048_1218.tiff,70,42,glomeruli,133,246,203,288
aaa6a05cc_6048_1218.tiff,121,138,glomeruli,27,150,148,288
aaa6a05cc_6048_1218.tiff,87,140,glomeruli,63,5,150,145
aaa6a05cc_6048_1421.tiff,50,42,glomeruli,0,246,50,288
aaa6a05cc_6048_2030.tiff,94,129,glomeruli,109,102,203,231
aaa6a05cc_6048_2233.tiff,2,19,glomeruli,0,186,2,205
aaa6a05cc_6048_2233.tiff,1,12,glomeruli,0,169,1,181
aaa6a05cc_6048_2436.tiff,19,74,glomeruli,184,0,203,74
aaa6a05cc_6048_2436.tiff,82,39,glomeruli,44,0,126,39
aaa6a05cc_6048_2639.tiff,63,86,glomeruli,0,0,63,86
aaa6a05cc_6336_1218.tiff,73,74,glomeruli,130,0,203,74
aaa6a05cc_6336_1218.tiff,3,1,glomeruli,73,0,76,1
aaa6a05cc_6336_1421.tiff,48,68,glomeruli,0,0,48,68
aaa6a05cc_6336_1624.tiff,143,161,glomeruli,13,85,156,246
aaa6a05cc_6336_2233.tiff,83,129,glomeruli,120,64,203,193
aaa6a05cc_6336_2436.tiff,42,10,glomeruli,125,278,167,288
aaa6a05cc_6336_2436.tiff,19,106,glomeruli,0,84,19,190
aaa6a05cc_6624_1015.tiff,70,95,glomeruli,117,94,187,189
aaa6a05cc_6624_2436.tiff,113,110,glomeruli,90,0,203,110
aaa6a05cc_6624_2639.tiff,18,64,glomeruli,0,29,18,93
aaa6a05cc_6912_1218.tiff,112,155,glomeruli,33,11,145,166
aaa6a05cc_6912_1827.tiff,89,89,glomeruli,37,103,126,192
aaa6a05cc_6912_2030.tiff,9,81,glomeruli,194,159,203,240
aaa6a05cc_6912_2233.tiff,99,113,glomeruli,0,137,99,250
aaa6a05cc_6912_2233.tiff,111,140,glomeruli,92,14,203,154
aaa6a05cc_6912_2436.tiff,36,98,glomeruli,0,40,36,138
aaa6a05cc_7200_1421.tiff,29,96,glomeruli,174,192,203,288
aaa6a05cc_7200_1624.tiff,98,106,glomeruli,0,182,98,288
aaa6a05cc_7200_1827.tiff,13,2,glomeruli,32,286,45,288
aaa6a05cc_7200_2030.tiff,56,15,glomeruli,21,273,77,288
aaa6a05cc_7200_2233.tiff,148,120,glomeruli,19,168,167,288
aaa6a05cc_7488_1421.tiff,9,8,glomeruli,194,0,203,8
aaa6a05cc_7488_1624.tiff,1,27,glomeruli,202,20,203,47
aaa6a05cc_7488_1624.tiff,98,39,glomeruli,0,0,98,39
aaa6a05cc_7488_1827.tiff,2,44,glomeruli,201,43,203,87
aaa6a05cc_7488_1827.tiff,103,113,glomeruli,0,0,103,113
aaa6a05cc_7488_2030.tiff,101,120,glomeruli,0,0,101,120
aaa6a05cc_7488_2233.tiff,46,11,glomeruli,13,277,59,288
aaa6a05cc_7488_2233.tiff,54,11,glomeruli,55,0,109,11
aaa6a05cc_7488_2436.tiff,96,101,glomeruli,107,187,203,288
aaa6a05cc_7488_2436.tiff,69,100,glomeruli,134,46,203,146
aaa6a05cc_7488_2639.tiff,3,14,glomeruli,0,212,3,226
aaa6a05cc_7488_2639.tiff,47,92,glomeruli,0,46,47,138
aaa6a05cc_7488_2639.tiff,90,114,glomeruli,113,25,203,139
aaa6a05cc_7488_2842.tiff,1,22,glomeruli,0,83,1,105
aaa6a05cc_7776_2233.tiff,80,92,glomeruli,3,0,83,92
aaa6a05cc_7776_2436.tiff,54,13,glomeruli,118,0,172,13
aaa6a05cc_864_2436.tiff,91,162,glomeruli,112,71,203,233
aaa6a05cc_864_2639.tiff,34,143,glomeruli,0,76,34,219
aaa6a05cc_864_3045.tiff,95,119,glomeruli,108,123,203,242
aaa6a05cc_864_3248.tiff,157,116,glomeruli,31,160,188,276
aaa6a05cc_864_3248.tiff,29,88,glomeruli,0,146,29,234
aaa6a05cc_864_3654.tiff,121,73,glomeruli,44,215,165,288
aaa6a05cc_864_4060.tiff,129,150,glomeruli,74,94,203,244
aaa6a05cc_864_4263.tiff,12,64,glomeruli,0,110,12,174
cb2d976f4_10355_1548.tiff,139,92,glomeruli,429,0,568,92
cb2d976f4_10355_16254.tiff,127,33,glomeruli,174,512,301,545
cb2d976f4_10355_16254.tiff,161,159,glomeruli,7,81,168,240
cb2d976f4_10355_16254.tiff,94,17,glomeruli,613,0,707,17
cb2d976f4_10355_17028.tiff,172,158,glomeruli,145,117,317,275
cb2d976f4_10355_17028.tiff,164,159,glomeruli,179,0,343,159
cb2d976f4_10355_2322.tiff,131,88,glomeruli,0,457,131,545
cb2d976f4_10355_2322.tiff,195,206,glomeruli,140,305,335,511
cb2d976f4_10355_3096.tiff,87,132,glomeruli,687,413,774,545
cb2d976f4_10355_3096.tiff,155,146,glomeruli,564,91,719,237
cb2d976f4_10355_3096.tiff,14,13,glomeruli,760,0,774,13
cb2d976f4_10355_3096.tiff,151,82,glomeruli,460,0,611,82
cb2d976f4_10355_3870.tiff,56,132,glomeruli,0,413,56,545
cb2d976f4_10355_3870.tiff,145,154,glomeruli,53,40,198,194
cb2d976f4_10355_3870.tiff,155,217,glomeruli,496,27,651,244
cb2d976f4_10355_3870.tiff,113,33,glomeruli,0,0,113,33
cb2d976f4_10355_4644.tiff,113,156,glomeruli,318,261,431,417
cb2d976f4_10355_4644.tiff,119,171,glomeruli,655,126,774,297
cb2d976f4_10355_5418.tiff,41,123,glomeruli,0,148,41,271
cb2d976f4_10355_5418.tiff,234,232,glomeruli,483,0,717,232
cb2d976f4_10355_6192.tiff,128,24,glomeruli,236,0,364,24
cb2d976f4_10900_16254.tiff,52,107,glomeruli,722,315,774,422
cb2d976f4_10900_16254.tiff,152,99,glomeruli,160,0,312,99
cb2d976f4_10900_17028.tiff,68,108,glomeruli,0,314,68,422
cb2d976f4_10900_17802.tiff,95,99,glomeruli,158,222,253,321
cb2d976f4_10900_17802.tiff,208,193,glomeruli,394,15,602,208
cb2d976f4_10900_2322.tiff,175,237,glomeruli,279,220,454,457
cb2d976f4_10900_2322.tiff,120,138,glomeruli,146,52,266,190
cb2d976f4_10900_2322.tiff,130,111,glomeruli,3,0,133,111
cb2d976f4_10900_3096.tiff,140,144,glomeruli,515,311,655,455
cb2d976f4_10900_3096.tiff,81,38,glomeruli,693,0,774,38
cb2d976f4_10900_3870.tiff,224,195,glomeruli,72,350,296,545
cb2d976f4_10900_3870.tiff,153,163,glomeruli,67,54,220,217
cb2d976f4_10900_3870.tiff,97,158,glomeruli,677,25,774,183
cb2d976f4_10900_3870.tiff,30,20,glomeruli,0,0,30,20
cb2d976f4_10900_4644.tiff,68,20,glomeruli,706,525,774,545
cb2d976f4_10900_4644.tiff,32,135,glomeruli,0,38,32,173
cb2d976f4_10900_5418.tiff,29,22,glomeruli,0,523,29,545
cb2d976f4_10900_5418.tiff,128,167,glomeruli,256,318,384,485
cb2d976f4_10900_6192.tiff,35,102,glomeruli,739,17,774,119
cb2d976f4_10900_6966.tiff,17,58,glomeruli,757,487,774,545
cb2d976f4_10900_6966.tiff,159,171,glomeruli,615,267,774,438
cb2d976f4_10900_6966.tiff,180,194,glomeruli,0,249,180,443
cb2d976f4_10900_6966.tiff,161,133,glomeruli,481,198,642,331
cb2d976f4_10900_6966.tiff,170,191,glomeruli,110,57,280,248
cb2d976f4_10900_6966.tiff,120,131,glomeruli,0,1,120,132
cb2d976f4_10900_7740.tiff,122,83,glomeruli,0,462,122,545
cb2d976f4_10900_7740.tiff,38,157,glomeruli,0,273,38,430
cb2d976f4_10900_7740.tiff,163,179,glomeruli,611,169,774,348
cb2d976f4_10900_7740.tiff,149,172,glomeruli,217,130,366,302
cb2d976f4_10900_8514.tiff,57,151,glomeruli,0,183,57,334
cb2d976f4_11445_16254.tiff,153,172,glomeruli,621,279,774,451
cb2d976f4_11445_16254.tiff,201,132,glomeruli,467,129,668,261
cb2d976f4_11445_17028.tiff,126,159,glomeruli,648,334,774,493
cb2d976f4_11445_17028.tiff,52,159,glomeruli,0,290,52,449
cb2d976f4_11445_17028.tiff,201,187,glomeruli,85,263,286,450
cb2d976f4_11445_17028.tiff,171,177,glomeruli,531,100,702,277
cb2d976f4_11445_17802.tiff,3,26,glomeruli,0,413,3,439
cb2d976f4_11445_17802.tiff,143,144,glomeruli,399,242,542,386
cb2d976f4_11445_18576.tiff,178,73,glomeruli,579,472,757,545
cb2d976f4_11445_18576.tiff,140,121,glomeruli,78,377,218,498
cb2d976f4_11445_18576.tiff,197,175,glomeruli,498,253,695,428
cb2d976f4_11445_2322.tiff,137,84,glomeruli,385,461,522,545
cb2d976f4_11445_2322.tiff,189,213,glomeruli,119,210,308,423
cb2d976f4_11445_3096.tiff,133,34,glomeruli,527,511,660,545
cb2d976f4_11445_3096.tiff,167,166,glomeruli,194,145,361,311
cb2d976f4_11445_3096.tiff,165,198,glomeruli,609,12,774,210
cb2d976f4_11445_3870.tiff,222,238,glomeruli,219,208,441,446
cb2d976f4_11445_3870.tiff,35,139,glomeruli,0,45,35,184
cb2d976f4_11445_3870.tiff,214,177,glomeruli,100,0,314,177
cb2d976f4_11445_4644.tiff,204,96,glomeruli,328,449,532,545
cb2d976f4_11445_4644.tiff,119,109,glomeruli,35,436,154,545
cb2d976f4_11445_4644.tiff,116,136,glomeruli,461,283,577,419
cb2d976f4_11445_4644.tiff,107,133,glomeruli,667,0,774,133
cb2d976f4_11445_5418.tiff,182,145,glomeruli,592,400,774,545
cb2d976f4_11445_5418.tiff,78,126,glomeruli,0,0,78,126
cb2d976f4_11445_6192.tiff,38,127,glomeruli,0,418,38,545
cb2d976f4_11445_6966.tiff,217,106,glomeruli,459,439,676,545
cb2d976f4_11445_6966.tiff,14,42,glomeruli,760,0,774,42
cb2d976f4_11445_7740.tiff,126,83,glomeruli,0,0,126,83
cb2d976f4_11990_17028.tiff,65,34,glomeruli,314,511,379,545
cb2d976f4_11990_17028.tiff,17,59,glomeruli,757,17,774,76
cb2d976f4_11990_17802.tiff,80,98,glomeruli,144,92,224,190
cb2d976f4_11990_17802.tiff,73,80,glomeruli,0,12,73,92
cb2d976f4_11990_18576.tiff,278,225,glomeruli,28,299,306,524
cb2d976f4_11990_18576.tiff,189,100,glomeruli,578,0,767,100
cb2d976f4_11990_19350.tiff,194,127,glomeruli,25,207,219,334
cb2d976f4_11990_2322.tiff,133,169,glomeruli,641,376,774,545
cb2d976f4_11990_2322.tiff,132,42,glomeruli,386,0,518,42
cb2d976f4_11990_3096.tiff,38,113,glomeruli,0,424,38,537
cb2d976f4_11990_3096.tiff,16,110,glomeruli,758,147,774,257
cb2d976f4_11990_3096.tiff,182,200,glomeruli,493,0,675,200
cb2d976f4_11990_3870.tiff,99,159,glomeruli,0,131,99,290
cb2d976f4_11990_4644.tiff,203,99,glomeruli,326,0,529,99
cb2d976f4_11990_4644.tiff,86,29,glomeruli,51,0,137,29
cb2d976f4_11990_5418.tiff,207,165,glomeruli,72,380,279,545
cb2d976f4_11990_5418.tiff,181,162,glomeruli,462,304,643,466
cb2d976f4_11990_5418.tiff,181,84,glomeruli,593,0,774,84
cb2d976f4_11990_6192.tiff,128,125,glomeruli,646,420,774,545
cb2d976f4_11990_6192.tiff,182,169,glomeruli,456,311,638,480
cb2d976f4_11990_6192.tiff,44,79,glomeruli,0,0,44,79
cb2d976f4_11990_6966.tiff,91,117,glomeruli,0,428,91,545
cb2d976f4_11990_6966.tiff,19,121,glomeruli,755,424,774,545
cb2d976f4_11990_6966.tiff,266,154,glomeruli,411,391,677,545
cb2d976f4_11990_6966.tiff,9,60,glomeruli,765,148,774,208
cb2d976f4_11990_6966.tiff,222,91,glomeruli,453,0,675,91
cb2d976f4_11990_7740.tiff,111,29,glomeruli,184,516,295,545
cb2d976f4_11990_7740.tiff,181,154,glomeruli,0,391,181,545
cb2d976f4_11990_7740.tiff,27,121,glomeruli,747,371,774,492
cb2d976f4_11990_7740.tiff,130,109,glomeruli,387,133,517,242
cb2d976f4_11990_7740.tiff,150,122,glomeruli,0,118,150,240
cb2d976f4_11990_7740.tiff,41,101,glomeruli,733,41,774,142
cb2d976f4_11990_8514.tiff,228,173,glomeruli,319,372,547,545
cb2d976f4_11990_8514.tiff,99,150,glomeruli,0,362,99,512
cb2d976f4_11990_8514.tiff,166,183,glomeruli,0,5,166,188
cb2d976f4_12535_17028.tiff,191,154,glomeruli,322,174,513,328
cb2d976f4_12535_17028.tiff,216,143,glomeruli,277,0,493,143
cb2d976f4_12535_17802.tiff,75,24,glomeruli,367,521,442,545
cb2d976f4_12535_17802.tiff,109,172,glomeruli,665,270,774,442
cb2d976f4_12535_18576.tiff,136,89,glomeruli,530,456,666,545
cb2d976f4_12535_18576.tiff,46,154,glomeruli,0,284,46,438
cb2d976f4_12535_2322.tiff,30,3,glomeruli,690,0,720,3
cb2d976f4_12535_3096.tiff,38,88,glomeruli,736,123,774,211
cb2d976f4_12535_3870.tiff,67,104,glomeruli,0,107,67,211
cb2d976f4_12535_4644.tiff,85,153,glomeruli,689,44,774,197
cb2d976f4_12535_5418.tiff,76,157,glomeruli,0,41,76,198
cb2d976f4_12535_5418.tiff,148,67,glomeruli,71,0,219,67
cb2d976f4_12535_6192.tiff,212,100,glomeruli,33,445,245,545
cb2d976f4_12535_6192.tiff,137,131,glomeruli,445,340,582,471
cb2d976f4_12535_6192.tiff,18,88,glomeruli,756,240,774,328
cb2d976f4_12535_6192.tiff,223,211,glomeruli,147,171,370,382
cb2d976f4_12535_6192.tiff,184,170,glomeruli,5,29,189,199
cb2d976f4_12535_6192.tiff,111,74,glomeruli,663,0,774,74
cb2d976f4_12535_6966.tiff,109,28,glomeruli,297,517,406,545
cb2d976f4_12535_6966.tiff,205,179,glomeruli,0,224,205,403
cb2d976f4_12535_6966.tiff,7,5,glomeruli,767,0,774,5
cb2d976f4_12535_6966.tiff,131,29,glomeruli,498,0,629,29
cb2d976f4_12535_6966.tiff,86,74,glomeruli,0,0,86,74
cb2d976f4_12535_7740.tiff,27,7,glomeruli,176,538,203,545
cb2d976f4_12535_7740.tiff,162,132,glomeruli,386,413,548,545
cb2d976f4_12535_7740.tiff,171,127,glomeruli,165,0,336,127
cb2d976f4_12535_7740.tiff,170,29,glomeruli,0,0,170,29
cb2d976f4_12535_8514.tiff,126,12,glomeruli,394,0,520,12
cb2d976f4_13080_17802.tiff,108,127,glomeruli,666,418,774,545
cb2d976f4_13080_17802.tiff,85,59,glomeruli,357,0,442,59
cb2d976f4_13080_18576.tiff,81,126,glomeruli,0,419,81,545
cb2d976f4_13080_18576.tiff,119,117,glomeruli,336,197,455,314
cb2d976f4_13080_18576.tiff,175,136,glomeruli,120,124,295,260
cb2d976f4_13080_18576.tiff,87,18,glomeruli,547,0,634,18
cb2d976f4_13080_3096.tiff,126,38,glomeruli,269,507,395,545
cb2d976f4_13080_3870.tiff,112,111,glomeruli,662,178,774,289
cb2d976f4_13080_3870.tiff,213,181,glomeruli,221,172,434,353
cb2d976f4_13080_4644.tiff,59,149,glomeruli,715,267,774,416
cb2d976f4_13080_4644.tiff,54,104,glomeruli,0,179,54,283
cb2d976f4_13080_5418.tiff,88,165,glomeruli,0,252,88,417
cb2d976f4_13080_6192.tiff,144,124,glomeruli,455,62,599,186
cb2d976f4_13080_6192.tiff,173,61,glomeruli,53,0,226,61
cb2d976f4_13080_6966.tiff,41,20,glomeruli,733,525,774,545
cb2d976f4_13080_6966.tiff,136,129,glomeruli,281,0,417,129
cb2d976f4_13080_7740.tiff,79,20,glomeruli,0,525,79,545
cb2d976f4_13080_7740.tiff,173,85,glomeruli,505,460,678,545
cb2d976f4_13080_7740.tiff,175,144,glomeruli,481,112,656,256
cb2d976f4_13080_7740.tiff,50,5,glomeruli,459,0,509,5
cb2d976f4_13080_7740.tiff,187,171,glomeruli,106,0,293,171
cb2d976f4_13080_8514.tiff,16,2,glomeruli,330,543,346,545
cb2d976f4_13080_8514.tiff,136,59,glomeruli,527,486,663,545
cb2d976f4_13625_17802.tiff,69,14,glomeruli,705,0,774,14
cb2d976f4_13625_18576.tiff,37,13,glomeruli,0,0,37,13
cb2d976f4_13625_3096.tiff,160,89,glomeruli,614,456,774,545
cb2d976f4_13625_3096.tiff,161,148,glomeruli,248,0,409,148
cb2d976f4_13625_3870.tiff,33,70,glomeruli,0,475,33,545
cb2d976f4_13625_3870.tiff,217,131,glomeruli,469,414,686,545
cb2d976f4_13625_3870.tiff,167,156,glomeruli,46,223,213,379
cb2d976f4_13625_3870.tiff,224,168,glomeruli,508,136,732,304
cb2d976f4_13625_4644.tiff,117,112,glomeruli,289,433,406,545
cb2d976f4_13625_4644.tiff,174,161,glomeruli,380,203,554,364
cb2d976f4_13625_4644.tiff,157,164,glomeruli,204,56,361,220
cb2d976f4_13625_5418.tiff,172,141,glomeruli,286,81,458,222
cb2d976f4_13625_6192.tiff,39,18,glomeruli,735,527,774,545
cb2d976f4_13625_6192.tiff,170,150,glomeruli,17,258,187,408
cb2d976f4_13625_6966.tiff,46,15,glomeruli,0,530,46,545
cb2d976f4_13625_6966.tiff,200,177,glomeruli,567,368,767,545
cb2d976f4_13625_6966.tiff,90,127,glomeruli,684,0,774,127
cb2d976f4_13625_7740.tiff,207,166,glomeruli,72,62,279,228
cb2d976f4_13625_7740.tiff,176,80,glomeruli,504,0,680,80
cb2d976f4_13625_7740.tiff,96,129,glomeruli,0,0,96,129
cb2d976f4_13625_8514.tiff,171,124,glomeruli,527,0,698,124
cb2d976f4_13625_8514.tiff,196,205,glomeruli,272,0,468,205
cb2d976f4_14170_3096.tiff,164,136,glomeruli,610,0,774,136
cb2d976f4_14170_3870.tiff,210,80,glomeruli,476,0,686,80
cb2d976f4_14170_3870.tiff,35,74,glomeruli,0,0,35,74
cb2d976f4_14170_4644.tiff,145,41,glomeruli,229,504,374,545
cb2d976f4_14170_4644.tiff,237,197,glomeruli,3,217,240,414
cb2d976f4_14170_4644.tiff,52,113,glomeruli,722,190,774,303
cb2d976f4_14170_4644.tiff,52,7,glomeruli,319,0,371,7
cb2d976f4_14170_5418.tiff,67,14,glomeruli,204,531,271,545
cb2d976f4_14170_5418.tiff,189,211,glomeruli,69,204,258,415
cb2d976f4_14170_5418.tiff,59,117,glomeruli,0,188,59,305
cb2d976f4_14170_5418.tiff,40,129,glomeruli,734,66,774,195
cb2d976f4_14170_6192.tiff,173,163,glomeruli,177,382,350,545
cb2d976f4_14170_6192.tiff,147,158,glomeruli,481,158,628,316
cb2d976f4_14170_6192.tiff,136,153,glomeruli,0,51,136,204
cb2d976f4_14170_6192.tiff,67,183,glomeruli,707,0,774,183
cb2d976f4_14170_6966.tiff,60,9,glomeruli,473,536,533,545
cb2d976f4_14170_6966.tiff,205,217,glomeruli,157,247,362,464
cb2d976f4_14170_6966.tiff,116,132,glomeruli,344,201,460,333
cb2d976f4_14170_6966.tiff,140,36,glomeruli,614,0,754,36
cb2d976f4_14170_6966.tiff,97,187,glomeruli,0,0,97,187
cb2d976f4_14170_7740.tiff,75,47,glomeruli,238,498,313,545
cb2d976f4_14170_7740.tiff,92,131,glomeruli,182,309,274,440
cb2d976f4_14170_7740.tiff,216,181,glomeruli,523,268,739,449
cb2d976f4_14170_8514.tiff,197,148,glomeruli,112,199,309,347
cb2d976f4_14715_10836.tiff,121,91,glomeruli,653,278,774,369
cb2d976f4_14715_11610.tiff,5,39,glomeruli,0,299,5,338
cb2d976f4_14715_17028.tiff,76,149,glomeruli,698,396,774,545
cb2d976f4_14715_17802.tiff,106,160,glomeruli,0,385,106,545
cb2d976f4_14715_19350.tiff,131,128,glomeruli,6,367,137,495
cb2d976f4_14715_4644.tiff,135,140,glomeruli,639,405,774,545
cb2d976f4_14715_4644.tiff,171,110,glomeruli,225,0,396,110
cb2d976f4_14715_5418.tiff,7,53,glomeruli,0,454,7,507
cb2d976f4_14715_5418.tiff,156,150,glomeruli,243,325,399,475
cb2d976f4_14715_5418.tiff,141,142,glomeruli,193,0,334,142
cb2d976f4_14715_6192.tiff,168,169,glomeruli,328,376,496,545
cb2d976f4_14715_6192.tiff,125,30,glomeruli,223,0,348,30
cb2d976f4_14715_6966.tiff,162,61,glomeruli,168,484,330,545
cb2d976f4_14715_6966.tiff,165,170,glomeruli,505,244,670,414
cb2d976f4_14715_6966.tiff,186,198,glomeruli,150,153,336,351
cb2d976f4_14715_6966.tiff,173,206,glomeruli,449,0,622,206
cb2d976f4_14715_7740.tiff,64,28,glomeruli,242,0,306,28
cb2d976f4_14715_8514.tiff,186,173,glomeruli,78,283,264,456
cb2d976f4_14715_8514.tiff,190,232,glomeruli,446,80,636,312
cb2d976f4_15260_17028.tiff,62,20,glomeruli,712,0,774,20
cb2d976f4_15260_17802.tiff,154,109,glomeruli,59,436,213,545
cb2d976f4_15260_17802.tiff,25,156,glomeruli,749,344,774,500
cb2d976f4_15260_17802.tiff,196,234,glomeruli,335,216,531,450
cb2d976f4_15260_17802.tiff,90,29,glomeruli,0,0,90,29
cb2d976f4_15260_18576.tiff,125,190,glomeruli,0,326,125,516
cb2d976f4_15260_4644.tiff,103,76,glomeruli,370,366,473,442
cb2d976f4_15260_4644.tiff,109,42,glomeruli,653,0,762,42
cb2d976f4_15260_5418.tiff,131,146,glomeruli,636,46,767,192
cb2d976f4_15260_6192.tiff,165,199,glomeruli,287,86,452,285
cb2d976f4_15260_6192.tiff,141,54,glomeruli,347,0,488,54
cb2d976f4_15260_6966.tiff,154,114,glomeruli,512,7,666,121
cb2d976f4_15260_6966.tiff,187,116,glomeruli,146,0,333,116
cb2d976f4_15805_17028.tiff,112,125,glomeruli,662,365,774,490
cb2d976f4_15805_17028.tiff,19,84,glomeruli,755,281,774,365
cb2d976f4_15805_17802.tiff,22,94,glomeruli,0,385,22,479
cb2d976f4_15805_17802.tiff,126,121,glomeruli,368,351,494,472
cb2d976f4_15805_17802.tiff,115,146,glomeruli,0,269,115,415
cb2d976f4_15805_17802.tiff,154,79,glomeruli,59,0,213,79
cb2d976f4_15805_8514.tiff,20,18,glomeruli,439,122,459,140
cb2d976f4_3270_5418.tiff,226,167,glomeruli,170,242,396,409
cb2d976f4_3270_5418.tiff,168,136,glomeruli,170,108,338,244
cb2d976f4_3270_5418.tiff,181,127,glomeruli,294,30,475,157
cb2d976f4_3270_6192.tiff,155,155,glomeruli,25,390,180,545
cb2d976f4_3815_3870.tiff,176,160,glomeruli,598,294,774,454
cb2d976f4_3815_4644.tiff,4,69,glomeruli,0,345,4,414
cb2d976f4_3815_5418.tiff,183,170,glomeruli,528,375,711,545
cb2d976f4_3815_5418.tiff,163,157,glomeruli,400,282,563,439
cb2d976f4_3815_5418.tiff,167,197,glomeruli,543,23,710,220
cb2d976f4_3815_6192.tiff,94,25,glomeruli,48,0,142,25
cb2d976f4_3815_7740.tiff,17,6,glomeruli,757,539,774,545
cb2d976f4_3815_7740.tiff,136,178,glomeruli,162,367,298,545
cb2d976f4_3815_8514.tiff,28,8,glomeruli,0,537,28,545
cb2d976f4_3815_8514.tiff,193,162,glomeruli,65,322,258,484
cb2d976f4_3815_8514.tiff,206,199,glomeruli,208,138,414,337
cb2d976f4_4360_3870.tiff,54,6,glomeruli,637,539,691,545
cb2d976f4_4360_3870.tiff,138,168,glomeruli,467,220,605,388
cb2d976f4_4360_3870.tiff,151,197,glomeruli,623,72,774,269
cb2d976f4_4360_4644.tiff,119,44,glomeruli,185,501,304,545
cb2d976f4_4360_4644.tiff,61,185,glomeruli,713,267,774,452
cb2d976f4_4360_4644.tiff,31,137,glomeruli,0,98,31,235
cb2d976f4_4360_4644.tiff,98,164,glomeruli,676,63,774,227
cb2d976f4_4360_5418.tiff,108,218,glomeruli,0,269,108,487
cb2d976f4_4360_5418.tiff,30,114,glomeruli,0,113,30,227
cb2d976f4_4360_5418.tiff,136,166,glomeruli,575,104,711,270
cb2d976f4_4360_5418.tiff,103,29,glomeruli,551,0,654,29
cb2d976f4_4360_6966.tiff,137,158,glomeruli,455,387,592,545
cb2d976f4_4360_6966.tiff,139,161,glomeruli,303,276,442,437
cb2d976f4_4360_7740.tiff,146,96,glomeruli,253,449,399,545
cb2d976f4_4360_7740.tiff,154,188,glomeruli,281,173,435,361
cb2d976f4_4360_7740.tiff,27,121,glomeruli,747,0,774,121
cb2d976f4_4360_7740.tiff,30,4,glomeruli,197,0,227,4
cb2d976f4_4360_8514.tiff,93,131,glomeruli,0,0,93,131
cb2d976f4_4905_3096.tiff,206,241,glomeruli,160,103,366,344
cb2d976f4_4905_3870.tiff,179,232,glomeruli,564,0,743,232
cb2d976f4_4905_4644.tiff,140,133,glomeruli,292,349,432,482
cb2d976f4_4905_4644.tiff,149,159,glomeruli,527,304,676,463
cb2d976f4_4905_4644.tiff,170,213,glomeruli,171,0,341,213
cb2d976f4_4905_5418.tiff,148,223,glomeruli,411,256,559,479
cb2d976f4_4905_6966.tiff,81,33,glomeruli,31,512,112,545
cb2d976f4_4905_6966.tiff,119,157,glomeruli,375,216,494,373
cb2d976f4_4905_6966.tiff,142,181,glomeruli,632,146,774,327
cb2d976f4_4905_6966.tiff,67,17,glomeruli,472,0,539,17
cb2d976f4_4905_7740.tiff,171,144,glomeruli,337,401,508,545
cb2d976f4_4905_7740.tiff,28,134,glomeruli,0,163,28,297
cb2d976f4_4905_7740.tiff,132,59,glomeruli,255,0,387,59
cb2d976f4_4905_8514.tiff,150,148,glomeruli,350,355,500,503
cb2d976f4_4905_8514.tiff,176,175,glomeruli,121,256,297,431
cb2d976f4_4905_8514.tiff,110,131,glomeruli,334,82,444,213
cb2d976f4_4905_9288.tiff,127,201,glomeruli,481,269,608,470
cb2d976f4_5450_2322.tiff,35,2,glomeruli,383,543,418,545
cb2d976f4_5450_2322.tiff,120,127,glomeruli,381,418,501,545
cb2d976f4_5450_2322.tiff,176,130,glomeruli,598,415,774,545
cb2d976f4_5450_3096.tiff,31,106,glomeruli,0,439,31,545
cb2d976f4_5450_3870.tiff,167,168,glomeruli,444,332,611,500
cb2d976f4_5450_3870.tiff,7,83,glomeruli,767,184,774,267
cb2d976f4_5450_4644.tiff,214,220,glomeruli,153,183,367,403
cb2d976f4_5450_4644.tiff,160,213,glomeruli,0,129,160,342
cb2d976f4_5450_5418.tiff,105,119,glomeruli,225,426,330,545
cb2d976f4_5450_5418.tiff,185,222,glomeruli,353,70,538,292
cb2d976f4_5450_6966.tiff,91,111,glomeruli,22,0,113,111
cb2d976f4_5450_7740.tiff,134,107,glomeruli,553,388,687,495
cb2d976f4_5450_7740.tiff,132,178,glomeruli,346,204,478,382
cb2d976f4_5450_7740.tiff,120,159,glomeruli,506,147,626,306
cb2d976f4_5450_7740.tiff,116,106,glomeruli,628,73,744,179
cb2d976f4_5450_7740.tiff,140,62,glomeruli,359,0,499,62
cb2d976f4_5450_8514.tiff,81,101,glomeruli,93,312,174,413
cb2d976f4_5450_8514.tiff,141,169,glomeruli,185,267,326,436
cb2d976f4_5450_8514.tiff,108,104,glomeruli,550,239,658,343
cb2d976f4_5450_8514.tiff,105,124,glomeruli,669,37,774,161
cb2d976f4_5450_9288.tiff,30,3,glomeruli,453,542,483,545
cb2d976f4_5450_9288.tiff,79,126,glomeruli,263,259,342,385
cb2d976f4_5450_9288.tiff,144,205,glomeruli,502,195,646,400
cb2d976f4_5450_9288.tiff,4,46,glomeruli,0,61,4,107
cb2d976f4_5995_2322.tiff,182,103,glomeruli,592,0,774,103
cb2d976f4_5995_2322.tiff,162,106,glomeruli,353,0,515,106
cb2d976f4_5995_3096.tiff,24,54,glomeruli,0,0,24,54
cb2d976f4_5995_3870.tiff,69,120,glomeruli,705,261,774,381
cb2d976f4_5995_3870.tiff,195,229,glomeruli,121,169,316,398
cb2d976f4_5995_4644.tiff,20,98,glomeruli,0,284,20,382
cb2d976f4_5995_4644.tiff,154,161,glomeruli,288,282,442,443
cb2d976f4_5995_4644.tiff,125,188,glomeruli,464,139,589,327
cb2d976f4_5995_4644.tiff,178,112,glomeruli,192,107,370,219
cb2d976f4_5995_5418.tiff,109,21,glomeruli,152,524,261,545
cb2d976f4_5995_5418.tiff,67,17,glomeruli,242,0,309,17
cb2d976f4_5995_6192.tiff,169,192,glomeruli,206,249,375,441
cb2d976f4_5995_7740.tiff,114,112,glomeruli,501,190,615,302
cb2d976f4_5995_7740.tiff,19,105,glomeruli,755,116,774,221
cb2d976f4_5995_7740.tiff,125,144,glomeruli,39,101,164,245
cb2d976f4_5995_8514.tiff,104,28,glomeruli,437,517,541,545
cb2d976f4_5995_8514.tiff,110,130,glomeruli,225,415,335,545
cb2d976f4_5995_8514.tiff,127,158,glomeruli,0,96,127,254
cb2d976f4_5995_8514.tiff,101,113,glomeruli,640,48,741,161
cb2d976f4_5995_8514.tiff,131,159,glomeruli,140,15,271,174
cb2d976f4_5995_9288.tiff,96,92,glomeruli,404,0,500,92
cb2d976f4_6540_10062.tiff,37,8,glomeruli,93,537,130,545
cb2d976f4_6540_3096.tiff,197,256,glomeruli,412,196,609,452
cb2d976f4_6540_3870.tiff,169,112,glomeruli,557,433,726,545
cb2d976f4_6540_3870.tiff,174,135,glomeruli,505,4,679,139
cb2d976f4_6540_4644.tiff,122,95,glomeruli,578,450,700,545
cb2d976f4_6540_4644.tiff,39,107,glomeruli,735,76,774,183
cb2d976f4_6540_5418.tiff,193,191,glomeruli,314,305,507,496
cb2d976f4_6540_5418.tiff,120,141,glomeruli,634,290,754,431
cb2d976f4_6540_5418.tiff,204,213,glomeruli,9,232,213,445
cb2d976f4_6540_5418.tiff,60,108,glomeruli,0,74,60,182
cb2d976f4_6540_5418.tiff,32,101,glomeruli,742,42,774,143
cb2d976f4_6540_5418.tiff,184,148,glomeruli,114,0,298,148
cb2d976f4_6540_6192.tiff,95,127,glomeruli,211,45,306,172
cb2d976f4_6540_6192.tiff,85,128,glomeruli,0,31,85,159
cb2d976f4_6540_6966.tiff,106,93,glomeruli,668,452,774,545
cb2d976f4_6540_6966.tiff,99,120,glomeruli,115,246,214,366
cb2d976f4_6540_6966.tiff,119,129,glomeruli,555,165,674,294
cb2d976f4_6540_6966.tiff,143,165,glomeruli,213,110,356,275
cb2d976f4_6540_7740.tiff,52,89,glomeruli,0,456,52,545
cb2d976f4_6540_8514.tiff,48,91,glomeruli,726,338,774,429
cb2d976f4_6540_8514.tiff,127,106,glomeruli,423,0,550,106
cb2d976f4_6540_8514.tiff,60,16,glomeruli,244,0,304,16
cb2d976f4_6540_9288.tiff,100,31,glomeruli,401,514,501,545
cb2d976f4_6540_9288.tiff,89,95,glomeruli,525,411,614,506
cb2d976f4_6540_9288.tiff,35,90,glomeruli,0,340,35,430
cb2d976f4_6540_9288.tiff,157,147,glomeruli,365,257,522,404
cb2d976f4_7085_10062.tiff,184,178,glomeruli,0,175,184,353
cb2d976f4_7085_10062.tiff,124,132,glomeruli,27,0,151,132
cb2d976f4_7085_1548.tiff,27,150,glomeruli,747,75,774,225
cb2d976f4_7085_2322.tiff,146,151,glomeruli,240,96,386,247
cb2d976f4_7085_2322.tiff,152,233,glomeruli,0,43,152,276
cb2d976f4_7085_3096.tiff,161,114,glomeruli,262,431,423,545
cb2d976f4_7085_3870.tiff,143,112,glomeruli,268,433,411,545
cb2d976f4_7085_3870.tiff,213,177,glomeruli,316,208,529,385
cb2d976f4_7085_3870.tiff,107,120,glomeruli,201,208,308,328
cb2d976f4_7085_3870.tiff,156,65,glomeruli,567,0,723,65
cb2d976f4_7085_4644.tiff,2,14,glomeruli,772,115,774,129
cb2d976f4_7085_4644.tiff,104,16,glomeruli,588,0,692,16
cb2d976f4_7085_5418.tiff,174,205,glomeruli,0,40,174,245
cb2d976f4_7085_5418.tiff,225,222,glomeruli,208,36,433,258
cb2d976f4_7085_6192.tiff,214,208,glomeruli,327,262,541,470
cb2d976f4_7085_6192.tiff,149,167,glomeruli,5,182,154,349
cb2d976f4_7085_6966.tiff,64,184,glomeruli,710,140,774,324
cb2d976f4_7085_6966.tiff,104,73,glomeruli,670,0,774,73
cb2d976f4_7085_7740.tiff,163,126,glomeruli,291,419,454,545
cb2d976f4_7085_7740.tiff,79,106,glomeruli,369,261,448,367
cb2d976f4_7085_7740.tiff,170,216,glomeruli,523,246,693,462
cb2d976f4_7085_7740.tiff,101,191,glomeruli,0,142,101,333
cb2d976f4_7085_7740.tiff,145,192,glomeruli,428,48,573,240
cb2d976f4_7085_7740.tiff,52,69,glomeruli,0,0,52,69
cb2d976f4_7085_8514.tiff,6,95,glomeruli,768,276,774,371
cb2d976f4_7085_8514.tiff,106,122,glomeruli,566,72,672,194
cb2d976f4_7085_9288.tiff,7,59,glomeruli,767,269,774,328
cb2d976f4_7085_9288.tiff,130,195,glomeruli,0,197,130,392
cb2d976f4_7085_9288.tiff,137,146,glomeruli,553,140,690,286
cb2d976f4_7085_9288.tiff,112,145,glomeruli,390,0,502,145
cb2d976f4_7630_1548.tiff,112,118,glomeruli,388,191,500,309
cb2d976f4_7630_1548.tiff,211,219,glomeruli,226,65,437,284
cb2d976f4_7630_2322.tiff,169,220,glomeruli,162,325,331,545
cb2d976f4_7630_2322.tiff,105,123,glomeruli,66,55,171,178
cb2d976f4_7630_3096.tiff,22,135,glomeruli,752,368,774,503
cb2d976f4_7630_3096.tiff,183,202,glomeruli,391,84,574,286
cb2d976f4_7630_3096.tiff,145,39,glomeruli,267,0,412,39
cb2d976f4_7630_3870.tiff,20,19,glomeruli,754,526,774,545
cb2d976f4_7630_3870.tiff,142,207,glomeruli,0,332,142,539
cb2d976f4_7630_3870.tiff,50,94,glomeruli,724,117,774,211
cb2d976f4_7630_3870.tiff,101,40,glomeruli,310,0,411,40
cb2d976f4_7630_4644.tiff,106,41,glomeruli,0,504,106,545
cb2d976f4_7630_4644.tiff,49,88,glomeruli,0,119,49,207
cb2d976f4_7630_5418.tiff,134,173,glomeruli,586,305,720,478
cb2d976f4_7630_5418.tiff,147,214,glomeruli,295,43,442,257
cb2d976f4_7630_7740.tiff,154,75,glomeruli,298,0,452,75
cb2d976f4_7630_8514.tiff,131,137,glomeruli,186,363,317,500
cb2d976f4_8175_1548.tiff,106,73,glomeruli,103,472,209,545
cb2d976f4_8175_1548.tiff,12,80,glomeruli,0,385,12,465
cb2d976f4_8175_1548.tiff,175,219,glomeruli,480,270,655,489
cb2d976f4_8175_17802.tiff,118,27,glomeruli,656,518,774,545
cb2d976f4_8175_18576.tiff,5,4,glomeruli,0,541,5,545
cb2d976f4_8175_2322.tiff,84,31,glomeruli,394,514,478,545
cb2d976f4_8175_2322.tiff,27,1,glomeruli,204,0,231,1
cb2d976f4_8175_3096.tiff,97,91,glomeruli,505,116,602,207
cb2d976f4_8175_3870.tiff,95,11,glomeruli,131,534,226,545
cb2d976f4_8175_3870.tiff,65,184,glomeruli,709,0,774,184
cb2d976f4_8175_4644.tiff,160,68,glomeruli,315,477,475,545
cb2d976f4_8175_4644.tiff,147,180,glomeruli,0,0,147,180
cb2d976f4_8175_5418.tiff,193,57,glomeruli,24,488,217,545
cb2d976f4_8175_774.tiff,154,184,glomeruli,620,361,774,545
cb2d976f4_8720_1548.tiff,39,45,glomeruli,735,500,774,545
cb2d976f4_8720_1548.tiff,177,170,glomeruli,565,76,742,246
cb2d976f4_8720_1548.tiff,175,266,glomeruli,312,64,487,330
cb2d976f4_8720_1548.tiff,95,59,glomeruli,100,0,195,59
cb2d976f4_8720_17802.tiff,156,157,glomeruli,618,0,774,157
cb2d976f4_8720_18576.tiff,122,162,glomeruli,240,171,362,333
cb2d976f4_8720_18576.tiff,50,138,glomeruli,0,0,50,138
cb2d976f4_8720_2322.tiff,45,6,glomeruli,468,539,513,545
cb2d976f4_8720_2322.tiff,132,53,glomeruli,0,492,132,545
cb2d976f4_8720_2322.tiff,246,353,glomeruli,336,192,582,545
cb2d976f4_8720_2322.tiff,157,142,glomeruli,328,0,485,142
cb2d976f4_8720_3870.tiff,120,98,glomeruli,48,140,168,238
cb2d976f4_8720_3870.tiff,190,133,glomeruli,76,0,266,133
cb2d976f4_8720_4644.tiff,107,130,glomeruli,667,360,774,490
cb2d976f4_8720_4644.tiff,142,136,glomeruli,482,208,624,344
cb2d976f4_8720_4644.tiff,172,120,glomeruli,301,0,473,120
cb2d976f4_8720_5418.tiff,112,20,glomeruli,624,525,736,545
cb2d976f4_8720_5418.tiff,56,118,glomeruli,0,372,56,490
cb2d976f4_8720_5418.tiff,205,102,glomeruli,22,0,227,102
cb2d976f4_8720_6192.tiff,134,140,glomeruli,209,405,343,545
cb2d976f4_8720_6192.tiff,112,148,glomeruli,15,313,127,461
cb2d976f4_8720_6192.tiff,181,157,glomeruli,78,42,259,199
cb2d976f4_8720_6966.tiff,125,109,glomeruli,218,436,343,545
cb2d976f4_8720_774.tiff,124,123,glomeruli,344,422,468,545
cb2d976f4_8720_774.tiff,74,14,glomeruli,651,0,725,14
cb2d976f4_9265_1548.tiff,40,206,glomeruli,0,304,40,510
cb2d976f4_9265_1548.tiff,114,104,glomeruli,175,105,289,209
cb2d976f4_9265_1548.tiff,38,96,glomeruli,736,0,774,96
cb2d976f4_9265_17802.tiff,147,139,glomeruli,333,118,480,257
cb2d976f4_9265_2322.tiff,206,195,glomeruli,568,315,774,510
cb2d976f4_9265_2322.tiff,173,240,glomeruli,370,0,543,240
cb2d976f4_9265_2322.tiff,48,5,glomeruli,402,0,450,5
cb2d976f4_9265_2322.tiff,356,260,glomeruli,0,0,356,260
cb2d976f4_9265_3096.tiff,117,29,glomeruli,387,516,504,545
cb2d976f4_9265_3096.tiff,12,64,glomeruli,0,366,12,430
cb2d976f4_9265_3096.tiff,102,87,glomeruli,440,336,542,423
cb2d976f4_9265_3870.tiff,91,156,glomeruli,683,318,774,474
cb2d976f4_9265_4644.tiff,98,162,glomeruli,0,310,98,472
cb2d976f4_9265_4644.tiff,121,186,glomeruli,316,264,437,450
cb2d976f4_9265_5418.tiff,125,75,glomeruli,223,470,348,545
cb2d976f4_9265_5418.tiff,206,156,glomeruli,377,128,583,284
cb2d976f4_9265_5418.tiff,174,203,glomeruli,600,0,774,203
cb2d976f4_9265_6192.tiff,7,78,glomeruli,0,48,7,126
cb2d976f4_9265_6192.tiff,88,21,glomeruli,215,0,303,21
cb2d976f4_9265_6966.tiff,166,81,glomeruli,230,464,396,545
cb2d976f4_9265_6966.tiff,96,90,glomeruli,633,455,729,545
cb2d976f4_9265_6966.tiff,95,120,glomeruli,408,418,503,538
cb2d976f4_9265_6966.tiff,99,25,glomeruli,235,0,334,25
cb2d976f4_9265_774.tiff,71,208,glomeruli,703,305,774,513
cb2d976f4_9265_774.tiff,113,62,glomeruli,344,0,457,62
cb2d976f4_9810_1548.tiff,147,127,glomeruli,433,418,580,545
cb2d976f4_9810_16254.tiff,210,158,glomeruli,527,387,737,545
cb2d976f4_9810_17028.tiff,130,43,glomeruli,181,502,311,545
cb2d976f4_9810_17802.tiff,225,142,glomeruli,444,334,669,476
cb2d976f4_9810_18576.tiff,149,147,glomeruli,340,166,489,313
cb2d976f4_9810_18576.tiff,128,124,glomeruli,40,127,168,251
cb2d976f4_9810_3096.tiff,163,132,glomeruli,460,413,623,545
cb2d976f4_9810_3096.tiff,26,144,glomeruli,748,401,774,545
cb2d976f4_9810_3096.tiff,140,166,glomeruli,69,232,209,398
cb2d976f4_9810_3096.tiff,158,164,glomeruli,376,0,534,164
cb2d976f4_9810_3870.tiff,149,191,glomeruli,0,354,149,545
cb2d976f4_9810_3870.tiff,188,148,glomeruli,400,275,588,423
cb2d976f4_9810_4644.tiff,113,94,glomeruli,475,199,588,293
cb2d976f4_9810_5418.tiff,110,35,glomeruli,605,510,715,545
cb2d976f4_9810_5418.tiff,137,120,glomeruli,217,0,354,120
cb2d976f4_9810_6192.tiff,188,148,glomeruli,223,397,411,545
cb2d976f4_9810_6966.tiff,171,196,glomeruli,10,263,181,459
cb2d976f4_9810_6966.tiff,93,137,glomeruli,25,106,118,243
cb2d976f4_9810_6966.tiff,125,134,glomeruli,423,81,548,215
cb2d976f4_9810_6966.tiff,94,46,glomeruli,632,0,726,46
cb2d976f4_9810_6966.tiff,174,105,glomeruli,228,0,402,105
cb2d976f4_9810_7740.tiff,172,190,glomeruli,58,223,230,413
e79de561c_1008_2954.tiff,61,9,glomeruli,222,243,283,252
e79de561c_1008_4220.tiff,204,89,glomeruli,207,163,411,252
e79de561c_1008_4220.tiff,10,42,glomeruli,412,129,422,171
e79de561c_1008_4642.tiff,165,147,glomeruli,0,70,165,217
e79de561c_1008_6752.tiff,177,117,glomeruli,245,0,422,117
e79de561c_1008_7174.tiff,37,82,glomeruli,0,0,37,82
e79de561c_1008_7596.tiff,81,41,glomeruli,341,211,422,252
e79de561c_1008_8018.tiff,109,47,glomeruli,0,205,109,252
e79de561c_1008_8018.tiff,159,87,glomeruli,244,165,403,252
e79de561c_1008_8440.tiff,72,20,glomeruli,350,232,422,252
e79de561c_1008_8862.tiff,58,21,glomeruli,0,231,58,252
e79de561c_1008_9284.tiff,144,132,glomeruli,77,120,221,252
e79de561c_1008_9284.tiff,137,27,glomeruli,248,0,385,27
e79de561c_1260_10128.tiff,172,145,glomeruli,83,39,255,184
e79de561c_1260_2110.tiff,200,111,glomeruli,25,141,225,252
e79de561c_1260_2954.tiff,190,118,glomeruli,149,0,339,118
e79de561c_1260_3376.tiff,114,190,glomeruli,308,39,422,229
e79de561c_1260_3798.tiff,190,207,glomeruli,0,19,190,226
e79de561c_1260_4220.tiff,207,121,glomeruli,209,0,416,121
e79de561c_1260_6330.tiff,207,196,glomeruli,142,41,349,237
e79de561c_1260_7596.tiff,147,42,glomeruli,232,210,379,252
e79de561c_1260_7596.tiff,92,144,glomeruli,330,0,422,144
e79de561c_1260_8018.tiff,176,40,glomeruli,236,212,412,252
e79de561c_1260_8018.tiff,158,79,glomeruli,243,0,401,79
e79de561c_1260_8018.tiff,133,154,glomeruli,0,0,133,154
e79de561c_1260_8440.tiff,114,178,glomeruli,308,0,422,178
e79de561c_1260_8862.tiff,99,171,glomeruli,0,0,99,171
e79de561c_1260_9284.tiff,82,8,glomeruli,270,244,352,252
e79de561c_1260_9284.tiff,109,63,glomeruli,91,0,200,63
e79de561c_1512_1688.tiff,166,140,glomeruli,157,78,323,218
e79de561c_1512_2110.tiff,148,79,glomeruli,274,173,422,252
e79de561c_1512_2110.tiff,185,67,glomeruli,28,0,213,67
e79de561c_1512_2532.tiff,35,54,glomeruli,0,198,35,252
e79de561c_1512_2954.tiff,171,148,glomeruli,153,104,324,252
e79de561c_1512_3376.tiff,160,128,glomeruli,75,124,235,252
e79de561c_1512_5486.tiff,120,35,glomeruli,191,217,311,252
e79de561c_1512_7174.tiff,71,58,glomeruli,351,194,422,252
e79de561c_1512_7596.tiff,44,62,glomeruli,0,190,44,252
e79de561c_1512_7596.tiff,171,101,glomeruli,215,0,386,101
e79de561c_1512_8018.tiff,4,2,glomeruli,418,250,422,252
e79de561c_1512_8018.tiff,204,154,glomeruli,218,0,422,154
e79de561c_1512_8440.tiff,82,10,glomeruli,0,242,82,252
e79de561c_1512_8440.tiff,25,99,glomeruli,0,20,25,119
e79de561c_1512_9284.tiff,82,15,glomeruli,340,237,422,252
e79de561c_1512_9284.tiff,7,51,glomeruli,415,60,422,111
e79de561c_1512_9284.tiff,171,149,glomeruli,237,0,408,149
e79de561c_1512_9706.tiff,1,2,glomeruli,0,250,1,252
e79de561c_1512_9706.tiff,138,116,glomeruli,0,25,138,141
e79de561c_1764_1266.tiff,76,78,glomeruli,346,174,422,252
e79de561c_1764_1688.tiff,102,78,glomeruli,0,174,102,252
e79de561c_1764_1688.tiff,196,160,glomeruli,154,57,350,217
e79de561c_1764_2110.tiff,148,68,glomeruli,274,0,422,68
e79de561c_1764_2532.tiff,78,103,glomeruli,344,149,422,252
e79de561c_1764_2532.tiff,35,52,glomeruli,0,0,35,52
e79de561c_1764_2954.tiff,58,102,glomeruli,0,150,58,252
e79de561c_1764_2954.tiff,84,14,glomeruli,192,0,276,14
e79de561c_1764_3376.tiff,69,123,glomeruli,353,129,422,252
e79de561c_1764_3376.tiff,129,36,glomeruli,81,0,210,36
e79de561c_1764_3798.tiff,95,131,glomeruli,0,121,95,252
e79de561c_1764_3798.tiff,174,167,glomeruli,62,49,236,216
e79de561c_1764_422.tiff,189,139,glomeruli,85,21,274,160
e79de561c_1764_4220.tiff,111,87,glomeruli,311,165,422,252
e79de561c_1764_4642.tiff,155,59,glomeruli,136,193,291,252
e79de561c_1764_4642.tiff,35,86,glomeruli,0,166,35,252
e79de561c_1764_5064.tiff,133,98,glomeruli,147,145,280,243
e79de561c_1764_5486.tiff,137,85,glomeruli,185,0,322,85
e79de561c_1764_5908.tiff,156,97,glomeruli,210,155,366,252
e79de561c_1764_7174.tiff,70,79,glomeruli,352,0,422,79
e79de561c_1764_7596.tiff,187,119,glomeruli,189,133,376,252
e79de561c_1764_7596.tiff,42,60,glomeruli,0,0,42,60
e79de561c_1764_8018.tiff,73,159,glomeruli,349,0,422,159
e79de561c_1764_8440.tiff,93,125,glomeruli,329,127,422,252
e79de561c_1764_8440.tiff,146,183,glomeruli,0,0,146,183
e79de561c_1764_8862.tiff,82,126,glomeruli,0,126,82,252
e79de561c_1764_8862.tiff,181,147,glomeruli,212,105,393,252
e79de561c_1764_9284.tiff,98,87,glomeruli,324,0,422,87
e79de561c_1764_9706.tiff,21,78,glomeruli,0,0,21,78
e79de561c_2016_10550.tiff,149,112,glomeruli,85,0,234,112
e79de561c_2016_1266.tiff,136,123,glomeruli,80,129,216,252
e79de561c_2016_1266.tiff,133,117,glomeruli,238,4,371,121
e79de561c_2016_1266.tiff,77,95,glomeruli,345,0,422,95
e79de561c_2016_1688.tiff,103,98,glomeruli,0,0,103,98
e79de561c_2016_2954.tiff,186,117,glomeruli,128,135,314,252
e79de561c_2016_2954.tiff,5,1,glomeruli,0,0,5,1
e79de561c_2016_3376.tiff,64,30,glomeruli,358,0,422,30
e79de561c_2016_3798.tiff,77,32,glomeruli,0,0,77,32
e79de561c_2016_422.tiff,95,145,glomeruli,327,14,422,159
e79de561c_2016_4220.tiff,85,182,glomeruli,337,46,422,228
e79de561c_2016_4220.tiff,142,109,glomeruli,169,31,311,140
e79de561c_2016_4220.tiff,110,60,glomeruli,312,0,422,60
e79de561c_2016_4642.tiff,93,186,glomeruli,0,42,93,228
e79de561c_2016_4642.tiff,175,97,glomeruli,128,0,303,97
e79de561c_2016_4642.tiff,17,28,glomeruli,0,0,17,28
e79de561c_2016_5908.tiff,20,67,glomeruli,402,185,422,252
e79de561c_2016_5908.tiff,145,26,glomeruli,216,0,361,26
e79de561c_2016_6330.tiff,166,93,glomeruli,0,159,166,252
e79de561c_2016_7596.tiff,162,56,glomeruli,200,0,362,56
e79de561c_2016_844.tiff,98,141,glomeruli,0,13,98,154
e79de561c_2016_8440.tiff,60,26,glomeruli,362,0,422,26
e79de561c_2016_8862.tiff,76,14,glomeruli,289,0,365,14
e79de561c_2016_8862.tiff,66,24,glomeruli,0,0,66,24
e79de561c_2268_0.tiff,88,5,glomeruli,288,247,376,252
e79de561c_2268_10128.tiff,41,90,glomeruli,0,25,41,115
e79de561c_2268_10550.tiff,164,147,glomeruli,41,105,205,252
e79de561c_2268_10550.tiff,124,112,glomeruli,255,84,379,196
e79de561c_2268_1266.tiff,138,18,glomeruli,17,234,155,252
e79de561c_2268_1266.tiff,228,149,glomeruli,154,103,382,252
e79de561c_2268_1266.tiff,87,15,glomeruli,97,0,184,15
e79de561c_2268_2110.tiff,93,25,glomeruli,154,227,247,252
e79de561c_2268_2954.tiff,17,2,glomeruli,267,0,284,2
e79de561c_2268_2954.tiff,145,142,glomeruli,111,0,256,142
e79de561c_2268_4220.tiff,170,203,glomeruli,252,41,422,244
e79de561c_2268_4642.tiff,21,98,glomeruli,0,90,21,188
e79de561c_2268_5064.tiff,69,62,glomeruli,353,190,422,252
e79de561c_2268_5486.tiff,63,64,glomeruli,0,188,63,252
e79de561c_2268_5486.tiff,206,155,glomeruli,216,10,422,165
e79de561c_2268_5908.tiff,122,110,glomeruli,300,130,422,240
e79de561c_2268_5908.tiff,14,80,glomeruli,0,59,14,139
e79de561c_2268_5908.tiff,23,57,glomeruli,399,0,422,57
e79de561c_2268_6330.tiff,24,59,glomeruli,0,148,24,207
e79de561c_2268_6330.tiff,166,91,glomeruli,0,0,166,91
e79de561c_2268_6752.tiff,165,140,glomeruli,98,112,263,252
e79de561c_2268_7174.tiff,178,147,glomeruli,49,22,227,169
e79de561c_2268_8018.tiff,154,139,glomeruli,33,87,187,226
e79de561c_2268_9706.tiff,143,96,glomeruli,252,156,395,252
e79de561c_2268_9706.tiff,44,88,glomeruli,378,26,422,114
e79de561c_2520_0.tiff,192,136,glomeruli,230,0,422,136
e79de561c_2520_10128.tiff,146,114,glomeruli,0,138,146,252
e79de561c_2520_10550.tiff,99,23,glomeruli,86,0,185,23
e79de561c_2520_1266.tiff,171,25,glomeruli,178,0,349,25
e79de561c_2520_1266.tiff,176,154,glomeruli,0,0,176,154
e79de561c_2520_1688.tiff,227,104,glomeruli,187,148,414,252
e79de561c_2520_1688.tiff,15,77,glomeruli,407,77,422,154
e79de561c_2520_2110.tiff,99,100,glomeruli,323,118,422,218
e79de561c_2520_2110.tiff,135,128,glomeruli,0,49,135,177
e79de561c_2520_2110.tiff,108,72,glomeruli,145,0,253,72
e79de561c_2520_2532.tiff,4,29,glomeruli,0,156,4,185
e79de561c_2520_422.tiff,2,15,glomeruli,0,72,2,87
e79de561c_2520_4642.tiff,158,129,glomeruli,264,123,422,252
e79de561c_2520_5064.tiff,34,109,glomeruli,0,143,34,252
e79de561c_2520_5064.tiff,68,54,glomeruli,354,0,422,54
e79de561c_2520_5486.tiff,144,108,glomeruli,202,144,346,252
e79de561c_2520_5486.tiff,62,54,glomeruli,0,0,62,54
e79de561c_2520_6752.tiff,156,48,glomeruli,66,204,222,252
e79de561c_2520_6752.tiff,153,42,glomeruli,105,0,258,42
e79de561c_2520_7596.tiff,199,94,glomeruli,149,158,348,252
e79de561c_2520_8018.tiff,190,110,glomeruli,231,142,421,252
e79de561c_2520_844.tiff,21,87,glomeruli,401,13,422,100
e79de561c_2520_844.tiff,172,149,glomeruli,220,3,392,152
e79de561c_2520_9284.tiff,131,119,glomeruli,90,125,221,244
e79de561c_2520_9706.tiff,56,11,glomeruli,68,241,124,252
e79de561c_2520_9706.tiff,2,29,glomeruli,420,197,422,226
e79de561c_2520_9706.tiff,96,24,glomeruli,260,0,356,24
e79de561c_2772_10128.tiff,99,115,glomeruli,147,36,246,151
e79de561c_2772_10128.tiff,89,10,glomeruli,21,0,110,10
e79de561c_2772_10972.tiff,83,14,glomeruli,280,238,363,252
e79de561c_2772_10972.tiff,177,149,glomeruli,39,19,216,168
e79de561c_2772_1688.tiff,227,68,glomeruli,195,0,422,68
e79de561c_2772_2532.tiff,31,16,glomeruli,391,236,422,252
e79de561c_2772_2954.tiff,69,22,glomeruli,0,230,69,252
e79de561c_2772_3376.tiff,99,125,glomeruli,169,72,268,197
e79de561c_2772_3798.tiff,3,23,glomeruli,419,182,422,205
e79de561c_2772_422.tiff,211,101,glomeruli,209,151,420,252
e79de561c_2772_4220.tiff,197,142,glomeruli,0,110,197,252
e79de561c_2772_4220.tiff,135,120,glomeruli,287,67,422,187
e79de561c_2772_4642.tiff,10,58,glomeruli,0,111,10,169
e79de561c_2772_4642.tiff,141,33,glomeruli,281,0,422,33
e79de561c_2772_5064.tiff,10,8,glomeruli,0,0,10,8
e79de561c_2772_5486.tiff,133,68,glomeruli,199,0,332,68
e79de561c_2772_5908.tiff,174,61,glomeruli,116,191,290,252
e79de561c_2772_6752.tiff,179,111,glomeruli,47,0,226,111
e79de561c_2772_7596.tiff,201,95,glomeruli,136,0,337,95
e79de561c_2772_8018.tiff,132,37,glomeruli,249,0,381,37
e79de561c_2772_9706.tiff,139,206,glomeruli,32,0,171,206
e79de561c_3024_10550.tiff,109,101,glomeruli,73,75,182,176
e79de561c_3024_10972.tiff,17,81,glomeruli,405,171,422,252
e79de561c_3024_10972.tiff,166,175,glomeruli,256,0,422,175
e79de561c_3024_11394.tiff,111,100,glomeruli,0,152,111,252
e79de561c_3024_11394.tiff,2,53,glomeruli,0,73,2,126
e79de561c_3024_2532.tiff,52,120,glomeruli,370,0,422,120
e79de561c_3024_2954.tiff,83,131,glomeruli,0,0,83,131
e79de561c_3024_3376.tiff,147,198,glomeruli,275,45,422,243
e79de561c_3024_3798.tiff,41,155,glomeruli,0,76,41,231
e79de561c_3024_422.tiff,207,74,glomeruli,209,0,416,74
e79de561c_3024_4220.tiff,55,8,glomeruli,58,0,113,8
e79de561c_3024_5908.tiff,105,195,glomeruli,317,12,422,207
e79de561c_3024_5908.tiff,200,100,glomeruli,104,0,304,100
e79de561c_3024_6330.tiff,165,59,glomeruli,216,193,381,252
e79de561c_3024_6330.tiff,100,196,glomeruli,0,13,100,209
e79de561c_3024_8440.tiff,209,146,glomeruli,66,9,275,155
e79de561c_3024_8862.tiff,138,59,glomeruli,284,193,422,252
e79de561c_3024_8862.tiff,104,87,glomeruli,211,38,315,125
e79de561c_3024_9284.tiff,12,25,glomeruli,0,227,12,252
e79de561c_3024_9284.tiff,220,182,glomeruli,195,61,415,243
e79de561c_3276_10550.tiff,100,55,glomeruli,150,197,250,252
e79de561c_3276_10972.tiff,185,95,glomeruli,71,157,256,252
e79de561c_3276_10972.tiff,4,8,glomeruli,418,0,422,8
e79de561c_3276_11394.tiff,100,47,glomeruli,0,0,100,47
e79de561c_3276_1266.tiff,147,98,glomeruli,225,103,372,201
e79de561c_3276_2532.tiff,80,28,glomeruli,342,224,422,252
e79de561c_3276_2954.tiff,51,26,glomeruli,0,226,51,252
e79de561c_3276_3376.tiff,159,117,glomeruli,236,135,395,252
e79de561c_3276_3376.tiff,136,121,glomeruli,168,21,304,142
e79de561c_3276_5064.tiff,55,67,glomeruli,367,185,422,252
e79de561c_3276_5486.tiff,157,91,glomeruli,0,161,157,252
e79de561c_3276_5908.tiff,82,71,glomeruli,340,181,422,252
e79de561c_3276_6330.tiff,22,69,glomeruli,0,183,22,252
e79de561c_3276_6330.tiff,162,58,glomeruli,217,0,379,58
e79de561c_3276_6752.tiff,11,48,glomeruli,411,204,422,252
e79de561c_3276_7174.tiff,152,74,glomeruli,0,178,152,252
e79de561c_3276_7596.tiff,73,34,glomeruli,72,218,145,252
e79de561c_3276_8862.tiff,176,133,glomeruli,246,0,422,133
e79de561c_3276_9284.tiff,178,80,glomeruli,76,172,254,252
e79de561c_3276_9284.tiff,23,79,glomeruli,0,0,23,79
e79de561c_3528_10550.tiff,129,129,glomeruli,144,0,273,129
e79de561c_3528_10972.tiff,173,58,glomeruli,23,194,196,252
e79de561c_3528_10972.tiff,174,66,glomeruli,83,0,257,66
e79de561c_3528_2110.tiff,102,156,glomeruli,320,96,422,252
e79de561c_3528_2532.tiff,74,154,glomeruli,0,96,74,250
e79de561c_3528_2532.tiff,109,113,glomeruli,313,0,422,113
e79de561c_3528_2954.tiff,72,111,glomeruli,0,0,72,111
e79de561c_3528_3376.tiff,148,69,glomeruli,236,0,384,69
e79de561c_3528_4220.tiff,276,170,glomeruli,146,82,422,252
e79de561c_3528_4642.tiff,48,94,glomeruli,374,158,422,252
e79de561c_3528_4642.tiff,47,107,glomeruli,0,145,47,252
e79de561c_3528_5064.tiff,73,111,glomeruli,0,141,73,252
e79de561c_3528_5064.tiff,55,96,glomeruli,367,0,422,96
e79de561c_3528_5486.tiff,158,130,glomeruli,0,0,158,130
e79de561c_3528_5908.tiff,113,164,glomeruli,309,0,422,164
e79de561c_3528_6330.tiff,38,139,glomeruli,0,0,38,139
e79de561c_3528_6752.tiff,11,51,glomeruli,411,0,422,51
e79de561c_3528_7174.tiff,165,120,glomeruli,0,0,165,120
e79de561c_3528_7596.tiff,173,207,glomeruli,32,0,205,207
e79de561c_3528_8440.tiff,116,105,glomeruli,278,77,394,182
e79de561c_3528_9284.tiff,183,109,glomeruli,76,0,259,109
e79de561c_3780_10972.tiff,183,102,glomeruli,14,0,197,102
e79de561c_3780_1688.tiff,185,118,glomeruli,93,134,278,252
e79de561c_3780_2110.tiff,131,107,glomeruli,167,119,298,226
e79de561c_3780_2110.tiff,73,13,glomeruli,347,0,420,13
e79de561c_3780_3376.tiff,116,150,glomeruli,306,83,422,233
e79de561c_3780_3798.tiff,27,114,glomeruli,0,101,27,215
e79de561c_3780_4220.tiff,149,62,glomeruli,273,0,422,62
e79de561c_3780_4220.tiff,27,3,glomeruli,192,0,219,3
e79de561c_3780_4642.tiff,82,156,glomeruli,340,96,422,252
e79de561c_3780_4642.tiff,44,37,glomeruli,378,0,422,37
e79de561c_3780_4642.tiff,29,29,glomeruli,0,0,29,29
e79de561c_3780_5064.tiff,97,146,glomeruli,0,106,97,252
e79de561c_3780_5064.tiff,61,38,glomeruli,0,0,61,38
e79de561c_3780_5486.tiff,167,115,glomeruli,162,137,329,252
e79de561c_3780_6752.tiff,151,191,glomeruli,237,3,388,194
e79de561c_3780_7596.tiff,209,94,glomeruli,61,158,270,252
e79de561c_3780_7596.tiff,63,122,glomeruli,359,130,422,252
e79de561c_3780_8018.tiff,148,129,glomeruli,0,123,148,252
e79de561c_3780_8440.tiff,169,179,glomeruli,150,37,319,216
e79de561c_3780_8862.tiff,214,197,glomeruli,195,40,409,237
e79de561c_4032_10128.tiff,137,139,glomeruli,96,113,233,252
e79de561c_4032_11394.tiff,117,29,glomeruli,126,223,243,252
e79de561c_4032_11394.tiff,66,96,glomeruli,356,156,422,252
e79de561c_4032_11816.tiff,109,100,glomeruli,0,152,109,252
e79de561c_4032_1688.tiff,182,73,glomeruli,95,0,277,73
e79de561c_4032_2110.tiff,112,102,glomeruli,310,150,422,252
e79de561c_4032_2532.tiff,5,54,glomeruli,0,190,5,244
e79de561c_4032_3376.tiff,134,50,glomeruli,236,202,370,252
e79de561c_4032_3798.tiff,128,113,glomeruli,204,83,332,196
e79de561c_4032_4642.tiff,76,61,glomeruli,346,0,422,61
e79de561c_4032_5064.tiff,96,69,glomeruli,0,0,96,69
e79de561c_4032_5486.tiff,137,59,glomeruli,171,0,308,59
e79de561c_4032_6330.tiff,196,191,glomeruli,20,43,216,234
e79de561c_4032_7596.tiff,55,52,glomeruli,367,0,422,52
e79de561c_4032_7596.tiff,218,108,glomeruli,55,0,273,108
e79de561c_4032_8018.tiff,131,61,glomeruli,0,0,131,61
e79de561c_4032_9284.tiff,169,170,glomeruli,82,59,251,229
e79de561c_4284_10128.tiff,102,24,glomeruli,118,0,220,24
e79de561c_4284_11394.tiff,73,111,glomeruli,349,0,422,111
e79de561c_4284_11394.tiff,203,174,glomeruli,83,0,286,174
e79de561c_4284_11816.tiff,109,116,glomeruli,0,0,109,116
e79de561c_4284_1688.tiff,159,179,glomeruli,225,73,384,252
e79de561c_4284_2110.tiff,103,33,glomeruli,108,219,211,252
e79de561c_4284_2110.tiff,98,23,glomeruli,318,0,416,23
e79de561c_4284_2532.tiff,157,112,glomeruli,112,140,269,252
e79de561c_4284_3376.tiff,153,111,glomeruli,223,0,376,111
e79de561c_4284_4642.tiff,124,114,glomeruli,20,44,144,158
e79de561c_4284_8440.tiff,196,96,glomeruli,226,156,422,252
e79de561c_4284_8862.tiff,3,30,glomeruli,0,203,3,233
e79de561c_4284_9284.tiff,13,2,glomeruli,400,250,413,252
e79de561c_4536_10128.tiff,37,6,glomeruli,300,246,337,252
e79de561c_4536_11816.tiff,211,111,glomeruli,77,141,288,252
e79de561c_4536_1688.tiff,139,57,glomeruli,245,0,384,57
e79de561c_4536_2110.tiff,118,101,glomeruli,45,151,163,252
e79de561c_4536_2110.tiff,17,60,glomeruli,405,65,422,125
e79de561c_4536_2110.tiff,144,120,glomeruli,66,0,210,120
e79de561c_4536_2532.tiff,155,166,glomeruli,0,29,155,195
e79de561c_4536_2532.tiff,120,29,glomeruli,118,0,238,29
e79de561c_4536_2954.tiff,102,41,glomeruli,294,211,396,252
e79de561c_4536_3798.tiff,147,146,glomeruli,214,95,361,241
e79de561c_4536_4220.tiff,83,20,glomeruli,12,232,95,252
e79de561c_4536_5908.tiff,78,17,glomeruli,289,235,367,252
e79de561c_4536_8440.tiff,191,60,glomeruli,227,0,418,60
e79de561c_4536_9284.tiff,211,129,glomeruli,1,123,212,252
e79de561c_4536_9284.tiff,100,181,glomeruli,322,0,422,181
e79de561c_4536_9706.tiff,86,179,glomeruli,0,3,86,182
e79de561c_4788_10128.tiff,186,179,glomeruli,236,0,422,179
e79de561c_4788_10550.tiff,39,101,glomeruli,0,64,39,165
e79de561c_4788_11394.tiff,187,133,glomeruli,20,82,207,215
e79de561c_4788_11816.tiff,203,69,glomeruli,84,0,287,69
e79de561c_4788_12238.tiff,81,94,glomeruli,105,143,186,237
e79de561c_4788_2110.tiff,84,20,glomeruli,56,0,140,20
e79de561c_4788_2954.tiff,142,158,glomeruli,266,0,408,158
e79de561c_4788_3376.tiff,4,54,glomeruli,418,198,422,252
e79de561c_4788_3376.tiff,190,86,glomeruli,222,166,412,252
e79de561c_4788_3798.tiff,128,117,glomeruli,0,135,128,252
e79de561c_4788_3798.tiff,22,83,glomeruli,400,18,422,101
e79de561c_4788_3798.tiff,146,130,glomeruli,64,6,210,136
e79de561c_4788_4220.tiff,124,128,glomeruli,0,0,124,128
e79de561c_4788_5486.tiff,117,106,glomeruli,295,113,412,219
e79de561c_4788_5486.tiff,182,153,glomeruli,13,97,195,250
e79de561c_4788_5908.tiff,173,174,glomeruli,225,0,398,174
e79de561c_4788_6752.tiff,197,131,glomeruli,225,121,422,252
e79de561c_4788_7174.tiff,11,63,glomeruli,0,189,11,252
e79de561c_4788_9284.tiff,198,71,glomeruli,147,181,345,252
e79de561c_4788_9284.tiff,141,32,glomeruli,54,0,195,32
e79de561c_5040_10550.tiff,116,2,glomeruli,154,250,270,252
e79de561c_5040_1688.tiff,81,125,glomeruli,341,79,422,204
e79de561c_5040_2110.tiff,77,129,glomeruli,0,77,77,206
e79de561c_5040_3376.tiff,1,9,glomeruli,421,0,422,9
e79de561c_5040_3376.tiff,188,79,glomeruli,223,0,411,79
e79de561c_5040_3798.tiff,121,60,glomeruli,0,0,121,60
e79de561c_5040_5064.tiff,77,17,glomeruli,16,235,93,252
e79de561c_5040_5064.tiff,8,25,glomeruli,414,227,422,252
e79de561c_5040_5486.tiff,136,69,glomeruli,0,183,136,252
e79de561c_5040_6752.tiff,197,91,glomeruli,225,0,422,91
e79de561c_5040_7174.tiff,9,20,glomeruli,0,0,9,20
e79de561c_5040_8862.tiff,186,118,glomeruli,121,52,307,170
e79de561c_5040_9284.tiff,199,137,glomeruli,145,0,344,137
e79de561c_5292_10550.tiff,241,176,glomeruli,74,0,315,176
e79de561c_5292_10972.tiff,110,27,glomeruli,101,225,211,252
e79de561c_5292_11816.tiff,187,178,glomeruli,70,41,257,219
e79de561c_5292_2110.tiff,8,62,glomeruli,414,77,422,139
e79de561c_5292_2532.tiff,134,229,glomeruli,0,0,134,229
e79de561c_5292_3376.tiff,171,42,glomeruli,187,210,358,252
e79de561c_5292_4642.tiff,17,128,glomeruli,405,11,422,139
e79de561c_5292_5064.tiff,88,85,glomeruli,334,167,422,252
e79de561c_5292_5064.tiff,8,30,glomeruli,414,0,422,30
e79de561c_5292_5064.tiff,144,162,glomeruli,0,0,144,162
e79de561c_5292_5486.tiff,142,93,glomeruli,0,159,142,252
e79de561c_5292_5486.tiff,142,97,glomeruli,0,0,142,97
e79de561c_5292_6330.tiff,208,199,glomeruli,214,53,422,252
e79de561c_5292_6752.tiff,119,172,glomeruli,0,80,119,252
e79de561c_5544_10972.tiff,170,140,glomeruli,90,0,260,140
e79de561c_5544_11394.tiff,191,35,glomeruli,75,217,266,252
e79de561c_5544_11394.tiff,164,130,glomeruli,25,64,189,194
e79de561c_5544_3376.tiff,225,172,glomeruli,172,0,397,172
e79de561c_5544_4220.tiff,147,46,glomeruli,41,206,188,252
e79de561c_5544_4642.tiff,170,116,glomeruli,25,136,195,252
e79de561c_5544_5064.tiff,87,91,glomeruli,335,0,422,91
e79de561c_5544_5486.tiff,144,92,glomeruli,0,0,144,92
e79de561c_5544_6330.tiff,165,79,glomeruli,257,0,422,79
e79de561c_5544_6752.tiff,58,66,glomeruli,0,0,58,66
e79de561c_5544_8018.tiff,128,164,glomeruli,294,88,422,252
e79de561c_5544_8440.tiff,159,63,glomeruli,248,189,407,252
e79de561c_5544_8440.tiff,66,161,glomeruli,0,91,66,252
e79de561c_5796_10128.tiff,130,191,glomeruli,0,25,130,216
e79de561c_5796_10550.tiff,90,28,glomeruli,95,224,185,252
e79de561c_5796_11394.tiff,239,166,glomeruli,55,0,294,166
e79de561c_5796_3376.tiff,20,31,glomeruli,402,221,422,252
e79de561c_5796_3798.tiff,144,53,glomeruli,152,199,296,252
e79de561c_5796_3798.tiff,147,64,glomeruli,0,188,147,252
e79de561c_5796_4220.tiff,45,32,glomeruli,377,220,422,252
e79de561c_5796_4220.tiff,157,116,glomeruli,31,0,188,116
e79de561c_5796_4642.tiff,149,54,glomeruli,0,198,149,252
e79de561c_5796_4642.tiff,88,14,glomeruli,80,0,168,14
e79de561c_5796_7174.tiff,210,179,glomeruli,166,73,376,252
e79de561c_5796_8018.tiff,97,35,glomeruli,325,0,422,35
e79de561c_5796_8440.tiff,116,24,glomeruli,281,228,397,252
e79de561c_5796_8440.tiff,150,75,glomeruli,248,0,398,75
e79de561c_5796_8440.tiff,59,33,glomeruli,0,0,59,33
e79de561c_5796_9284.tiff,12,6,glomeruli,410,246,422,252
e79de561c_5796_9706.tiff,101,24,glomeruli,0,228,101,252
e79de561c_5796_9706.tiff,89,184,glomeruli,333,29,422,213
e79de561c_6048_10128.tiff,185,170,glomeruli,110,15,295,185
e79de561c_6048_10550.tiff,135,110,glomeruli,95,0,230,110
e79de561c_6048_3376.tiff,39,100,glomeruli,383,0,422,100
e79de561c_6048_3798.tiff,189,108,glomeruli,81,144,270,252
e79de561c_6048_3798.tiff,301,134,glomeruli,0,0,301,134
e79de561c_6048_4220.tiff,170,147,glomeruli,252,105,422,252
e79de561c_6048_4220.tiff,58,107,glomeruli,364,0,422,107
e79de561c_6048_4642.tiff,11,64,glomeruli,0,183,11,247
e79de561c_6048_4642.tiff,158,138,glomeruli,0,0,158,138
e79de561c_6048_7174.tiff,96,12,glomeruli,234,0,330,12
e79de561c_6048_8440.tiff,216,185,glomeruli,206,0,422,185
e79de561c_6048_8862.tiff,27,116,glomeruli,0,25,27,141
e79de561c_6048_9284.tiff,137,132,glomeruli,133,44,270,176
e79de561c_6048_9284.tiff,55,131,glomeruli,367,0,422,131
e79de561c_6048_9706.tiff,128,147,glomeruli,0,0,128,147
e79de561c_6300_2532.tiff,71,102,glomeruli,351,92,422,194
e79de561c_6300_2954.tiff,61,102,glomeruli,0,91,61,193
e79de561c_6300_3798.tiff,160,47,glomeruli,93,205,253,252
e79de561c_6300_3798.tiff,185,75,glomeruli,85,0,270,75
e79de561c_6300_4220.tiff,140,47,glomeruli,278,0,418,47
e79de561c_6300_6330.tiff,106,92,glomeruli,316,160,422,252
e79de561c_6300_6752.tiff,35,69,glomeruli,0,183,35,252
e79de561c_6300_8440.tiff,80,157,glomeruli,342,21,422,178
e79de561c_6300_8862.tiff,104,170,glomeruli,0,20,104,190
e79de561c_6300_9706.tiff,193,130,glomeruli,78,122,271,252
e79de561c_6552_3376.tiff,88,74,glomeruli,279,178,367,252
e79de561c_6552_3798.tiff,193,143,glomeruli,69,0,262,143
e79de561c_6552_4220.tiff,180,68,glomeruli,157,184,337,252
e79de561c_6552_6330.tiff,106,93,glomeruli,316,0,422,93
e79de561c_6552_6752.tiff,35,70,glomeruli,0,0,35,70
e79de561c_6552_8018.tiff,158,134,glomeruli,264,118,422,252
e79de561c_6552_8440.tiff,75,122,glomeruli,0,130,75,252
e79de561c_6552_8862.tiff,129,200,glomeruli,293,52,422,252
e79de561c_6552_9284.tiff,112,199,glomeruli,0,53,112,252
e79de561c_6552_9706.tiff,154,51,glomeruli,101,0,255,51
e79de561c_6804_3376.tiff,100,125,glomeruli,191,26,291,151
e79de561c_6804_3376.tiff,88,38,glomeruli,275,0,363,38
e79de561c_6804_4220.tiff,161,172,glomeruli,29,44,190,216
e79de561c_6804_4220.tiff,189,119,glomeruli,151,0,340,119
e79de561c_6804_4642.tiff,248,126,glomeruli,122,126,370,252
e79de561c_6804_8018.tiff,155,63,glomeruli,267,0,422,63
e79de561c_6804_8440.tiff,117,48,glomeruli,197,204,314,252
e79de561c_6804_8440.tiff,64,57,glomeruli,0,0,64,57
e79de561c_6804_8862.tiff,24,9,glomeruli,398,0,422,9
e79de561c_6804_9284.tiff,26,7,glomeruli,0,0,26,7
e79de561c_7056_2532.tiff,2,11,glomeruli,420,241,422,252
e79de561c_7056_2532.tiff,1,5,glomeruli,421,233,422,238
e79de561c_7056_2954.tiff,47,59,glomeruli,375,193,422,252
e79de561c_7056_2954.tiff,249,109,glomeruli,0,143,249,252
e79de561c_7056_3376.tiff,105,79,glomeruli,0,173,105,252
e79de561c_7056_3376.tiff,191,182,glomeruli,170,43,361,225
e79de561c_7056_4220.tiff,134,168,glomeruli,288,38,422,206
e79de561c_7056_4642.tiff,26,53,glomeruli,0,100,26,153
e79de561c_7056_4642.tiff,245,74,glomeruli,122,0,367,74
e79de561c_7056_8440.tiff,165,135,glomeruli,192,0,357,135
e79de561c_7308_2532.tiff,1,6,glomeruli,421,0,422,6
e79de561c_7308_2954.tiff,49,113,glomeruli,373,0,422,113
e79de561c_7308_2954.tiff,302,175,glomeruli,0,0,302,175
e79de561c_7308_3376.tiff,122,134,glomeruli,0,0,122,134
e79de561c_7308_4642.tiff,177,155,glomeruli,245,41,422,196
e79de561c_7308_5064.tiff,8,73,glomeruli,0,69,8,142
e79de561c_756_6752.tiff,174,71,glomeruli,248,181,422,252
e79de561c_756_7174.tiff,36,47,glomeruli,0,205,36,252
e79de561c_756_8018.tiff,46,97,glomeruli,376,130,422,227
e79de561c_756_8440.tiff,94,104,glomeruli,0,126,94,230
e79de561c_756_9284.tiff,189,171,glomeruli,233,81,422,252
e79de561c_756_9706.tiff,3,13,glomeruli,0,166,3,179
